-0.08120125017185031 -0.6238322470710251 -0.34281171487048717 0.6976530746957258
-0.037188722088032616 0.5079792641029665 0.7765416983106451 -0.37088685198546323
0.24212731116963496 0.7373548018454485 0.5499259425955222 -0.30864821243877094
-0.019479273271721782 0.7262832353130342 0.6679010144423159 -0.161373650026771
0.022768542431682 -0.8468752489789384 -0.37796720525755245 -0.3733961674846074
0.08562603569425246 -0.8232464191166528 -0.28695721463526314 -0.48227489297253134
-0.09780019322643385 -0.06075827820946029 -0.9638334052385944 -0.24035124459854446
-0.185890559752332 0.6029792238890183 0.2719066512163661 -0.7265862153780948
0.3710487788487277 -0.5760622155190658 -0.6951739017529722 0.21727488094043898
-0.5990713159728045 -0.6758275661443561 0.3877862179995817 -0.18437057343184984
0.4500192866128129 0.7765934067684459 -0.37430060963741785 -0.23299007675292013
-0.00428468647075425 -0.3744346039956705 -0.553589383012645 0.7438542624789695
-0.2916313664444671 0.05556232476275529 0.477327882295381 -0.82705626589495
0.5457622065646406 -0.46945964176827615 -0.5672924308295406 -0.3999131862792313
0.23544526594798346 0.4016271065314892 0.7970616932732898 0.38464769745592314
-0.4053853984273889 -0.49211606705480193 -0.3635048816732118 0.6792265132399685
0.5985651144975804 0.3722105676282553 0.2561849862105272 -0.661474375839807
-0.17943321202192802 0.007578227935905721 0.42384271611467816 0.8877520176723777
-0.8494676971834666 -0.46059358115226484 -0.15420834009237236 0.20610184931025124
-0.6171410375085186 -0.36577599414267675 0.2593387804032627 0.64659744734324
-0.9120189333767897 -0.22292530558134244 -0.281523572177254 0.1981672314038982
-0.5999296732850686 0.055805825050667994 -0.5190802147285853 -0.6062390845861149
0.5514488873448194 0.24445938032659142 -0.18764857456969639 -0.7751978769826842
-0.23613238263571404 0.15983791895869257 -0.20719543208754257 -0.9358223070945635
-0.8583358197703528 -0.18139870605562955 0.046517932411304974 0.47769259142745457
0.575047186138636 0.13060650203011565 -0.17093121549826817 -0.7893321195224346
0.9466475931364527 0.24370488287499803 0.09768838255082272 -0.18687761874137915
0.9454126571807123 0.3088190907149366 0.08595343194499584 -0.058631769454636086
0.9479942733291135 0.29777831177623376 0.10091437408631526 0.049509836130501444
0.9183856007493458 0.24158256668135256 0.0634386698133359 -0.3068896984003008
0.7993993621865 0.17319725327311813 -0.0349841381821379 -0.5742294674345071
0.7031325658563515 0.1096834329215615 -0.10168033449631167 -0.6951512417823353
-0.5437061057552376 -0.2067290142572134 -0.4311852686383901 -0.6897289680287139
-0.34666526107278145 -0.0919872797017433 0.24002374784626643 0.9020810039061045
0.7639876677742441 0.37757961552976577 0.42887201351632 0.29970864760250576
0.5749632677771922 0.2489571147898099 -0.09536507563844178 -0.7735264042364556
0.30706405701198464 0.1612429775339173 -0.1411583814312205 -0.9272468271388451
-0.7445790366322538 -0.5938851197930299 0.3044605928424381 -0.014362106469266347
-0.2689381177966281 -0.13757113284246195 0.3644757580947452 0.8808540707550311
-0.1825091687578387 0.08574417593857098 0.343245711647667 0.9173443851942545
-0.8724098738041708 0.27015090387019636 0.09794608134227957 0.3953809130152822
-0.3413420679933383 -0.18130349184584854 0.1936373238079853 0.9017312367280037
0.93579378728267 -0.03387119971050692 0.13026152663981744 0.325844539912505
0.17685804965238958 0.05581329311239772 0.1614210749721438 -0.9693035350910157
-0.7988585454338066 0.007983521032374506 -0.22027831532781 -0.5596773638228103
-0.677298882592081 -0.11081727664750841 -0.3554052276019894 0.6345651101574418
0.024741670529601845 -0.15984105531238732 0.18124346713192366 0.9700461290052275
-0.2980855909781246 -0.1872557796906202 -0.019860124428560465 0.9357808658448634
-0.652473262202048 -0.20949182014915738 -0.06856248610565972 0.7250455191924311
-0.8337453920543106 -0.20475110604642752 -0.27127741868852684 -0.43514844353468424
0.5447554171988966 0.1466399991991061 0.057514329318795604 0.8236688339316666
-0.9399673293863319 0.18240497719979581 -0.11268401127260406 0.2655035924099424
-0.9600789998669468 0.012702028955211494 -0.05417727731368071 0.2741382773305851
0.06468535725559572 0.2860461664187517 0.19267687564132083 0.936412845291515
-0.9140048325093725 -0.4029532116175971 0.03977169889347145 -0.025339442845194085
-0.9304467810867649 -0.32310098216222716 -0.07124174545590535 0.15747747964543332
0.9187935518742479 0.06616900202045692 0.06559747311349373 -0.38358446752579123
-0.06156227559360979 -0.17568222225459573 0.03828315466038548 0.9817740285201438
-0.9602390730942653 -0.1550872555289564 0.03249393430622677 0.22985432323292285
-0.8390370525709546 -0.30252895134136365 -0.12666142460287821 -0.43410821407905814
-0.8826647896023984 -0.2578900689037639 -0.056276710542761434 -0.3888811044618291
-0.6532117404695452 -0.23747221145818273 -0.19206063528465522 -0.6928449200737221
0.1516052868365844 0.16081443834763195 0.3381718245069256 -0.9147646530839446
0.9297974081098952 0.21180791853588074 0.12378592886961362 -0.27439247316846266
0.9017869296482365 0.0841205325589634 0.032038670488709856 -0.42270272427667027
0.8713690930467121 0.034296668633848004 0.0075987941095529855 -0.4893688798152689
0.8748102629441333 0.045086493763010944 0.002440994794258295 -0.48235697721935006
0.8346978436357488 0.02523356092681314 0.0033930579498933754 -0.5501193183215187
0.8583323350038922 0.04997638793970455 -0.007991657564406746 -0.5105919082247969
0.8321881020058404 0.025473400578284493 -0.018628918125913923 -0.5535946460654702
0.8439969623427998 0.023704729838139146 0.008066074385512108 -0.5357631489599063
0.8564438991203108 0.02245679157088779 0.0025937978118138728 -0.515744910188023
0.8501131570281241 0.030164334247364255 -0.005633792776265972 -0.5257052344860601
0.8390209892501499 0.007735012306412629 0.004586811352004401 -0.5440247332097506
0.8402911377722926 0.006570197931692478 0.004640798402975414 -0.5420757320436576
0.8473765121500649 0.020202638278397002 -0.0039770338410946545 -0.5305931428739067
0.8462585691660115 0.013593987795899258 -0.005860154577765807 -0.5325667058662459
0.8610115784170136 0.04362053095986648 -0.0046574066961446 -0.5066898653747568
0.8396396293941335 0.01856488881383636 -0.01771739115490172 -0.5425373090441583
0.8456666436494034 0.02381251427474885 -0.01249898284160697 -0.5330334580592414
0.8564991783156152 0.03204568627346648 -0.01537260697117092 -0.5149232122276568
0.8456051957546961 0.003723527286691788 0.0068468306161086605 -0.5337519172496917
0.8556386701604111 0.005969351767015168 0.009656753317460723 -0.5174491086869999
0.853028790813305 -0.005013019421542543 -0.0015848586667497819 -0.5218373692089103
0.8457790680125749 0.008086428207643936 0.00037147635832125324 -0.5334718734815718
0.8452353099071052 -0.0027083605339288117 0.00054960485939103 -0.5343871570350065
0.8465484286480177 -0.0027322413151796548 -0.00101892621861355 -0.5323037240150861
0.8555780454268606 -0.0010849483812222637 -0.001153098396577345 -0.5176714222696195
0.8492624019906934 -0.010443064129715136 0.00547754100366022 -0.5278392856932248
0.843249722513877 -0.020175924967270043 0.01137212151909995 -0.5370228229639217
0.8328326556167835 -0.01893892546792723 0.007994579200736566 -0.5531429937582321
0.8369178313238617 -0.00567359810819413 0.0033961332898777615 -0.5472886077522063
0.830840080644991 -0.018488897466674006 -0.001865654533830907 -0.556200899313775
0.8341223635850404 -0.008923487704759493 0.0023215353173035116 -0.5515023702653136
0.8343993134683805 -0.009269814816786 0.0007052975095739932 -0.5510819891560429
0.8460755034724309 -0.010668183431663324 0.006135115351106206 -0.5329210003797652
0.838456882836018 -0.022843513035086343 0.016025498147436344 -0.54425307803103
0.8347894391036644 -0.013044942143963973 0.00032587155386876074 -0.5504146760881111
0.8412955335086398 -0.009630188410180106 0.006816955408862704 -0.5404466799681086
0.8377460573041795 -0.01949317836520122 0.011077442831444552 -0.5455995323759368
0.8416776561995025 -0.013805464601158514 0.009472738538398976 -0.5397206679628278
0.8409495355935145 -0.008893114754063628 0.004612308168336792 -0.5410208107904756
0.83880686656486 -0.012166979826781778 0.0065711769357269904 -0.5442534564329522
0.8410174861279591 -0.015047861808001297 0.01379124009057587 -0.5406227442300032
0.8358637260618796 -0.015855314155807678 0.01031030069421967 -0.5486110992010338
0.8268944293528413 -0.015067288131272972 0.01037146198914266 -0.562059616330702
0.842035174886226 -0.011682318526386582 0.007718454816658241 -0.5392408674640805
0.8432558737499057 -0.015629597289756828 0.010328689170639376 -0.5371857828115516
0.8383553761930775 -0.010180645073131355 0.009180125354490528 -0.544951688659219
0.8527223087670769 -0.009499041251154612 0.007440737950623322 -0.5222251121547151
0.8420258268291778 -0.01855495935428718 0.009070069142659396 -0.539041699946996
0.8444282950357869 -0.00988313505342346 0.008471151619051305 -0.5355104273258524
0.8503506573792865 -0.0066039727422069205 0.0077318267538911845 -0.5261182052482912
0.852127251380381 -0.013085156189891 0.009442778647196112 -0.5230858056512555
0.8438778227221287 -0.014523266734657345 0.012756487671074877 -0.5361870634987488
0.8322260923806102 -0.01463462102320636 0.007223504797439957 -0.55419615661501
0.8428492764694947 -0.012298539721093512 0.006825924371169546 -0.5379658444846264
0.8414470602979371 -0.00648620155313782 0.009924456275615851 -0.5402094770299806
0.8465889941603869 -0.011033468874990937 0.006879273870695627 -0.5320883508611148
0.8420030178054044 -0.010623387117577253 0.00835307876170947 -0.5393035209674998
0.8493354996185685 -0.005704713214942486 0.007480837534654622 -0.5277695542607512
0.8445945234166964 -0.009783086782138921 -0.0006223005538733068 -0.5353167239770837
0.8477155768448054 -0.002449247824387151 0.005426084330352982 -0.5304176275055471
0.8435095582635155 0.0006847671598576293 -0.0010468252330067982 -0.5371127073240375
0.8497804284668563 0.007282332987873165 -0.0013404360685500007 -0.5270848074570978
0.8440505599506919 0.004402873395190806 -0.012771865436656045 -0.5360934120151613
0.8590649604273507 0.04520082857202955 -0.022425445776797715 -0.5093735154521369
0.8423781529027289 0.03378212080712903 -0.020163703424988494 -0.5374488262989774
0.8491766983044416 0.029636267482066186 -0.019324633138203717 -0.5269223711900763
0.8516105619002199 0.042390162694772214 -0.0275545577479877 -0.5217310334971603
0.8386378341325502 0.032804635748935634 -0.01926190270183061 -0.5433593821212163
0.8442335143150689 0.03718109433496487 -0.031646263101253305 -0.533746993961567
0.8409648719455012 0.03728743479937324 -0.02290502657687521 -0.5393172453364365
0.8437305207969171 0.042532381359388395 -0.02592646301344223 -0.5344507679171911
0.8436758231216228 0.03542886887622006 -0.02187179532602061 -0.5352359529211583
0.8429780267878431 0.0451144666202639 -0.027329303457246826 -0.5353558073160178
0.8398712934309762 0.03239272002616841 -0.026803903738904386 -0.5411547587374989
0.8392230356698046 0.035302209229339646 -0.025019809709275292 -0.5420631508844679
0.8393170960029063 0.034908551225233994 -0.027356170004968847 -0.5418300890235449
0.8338828480289452 0.02789168859517513 -0.026861604909654592 -0.5505814232719104
0.834521439523718 0.021632045733378687 -0.015934718700722866 -0.5503200035548219
0.8419750766143052 0.03707699891113527 -0.02400861661827332 -0.5377051727853799
0.8492288881174485 0.03182476089946246 -0.021256573700247944 -0.5266361535776101
0.8282172064210584 0.02715410506921991 -0.025052979964418493 -0.5591880379272165
0.8340084706588916 0.020896744508694165 -0.011097194930860402 -0.5512440922158002
0.8321452456844061 0.014197792215292694 -0.020266206790143577 -0.5540054093990329
0.829471738559967 0.01694668886080192 -0.01648678818517801 -0.5580480539185655
0.8301833047769737 0.0011249527205760713 -0.021295692192668195 -0.5570824969831614
0.8242921678803705 -0.002404270002654484 -0.018599756163326046 -0.5658539480532926
0.836757871132685 0.004767088309260146 -0.01122935806386111 -0.5474371575660738
0.8389739367921463 0.010665412240041004 -0.014963083027327835 -0.5438612769002358
0.8496418966093444 0.010014754616657698 -0.015971591759544157 -0.5270230170236501
0.8366423049927011 0.005127469177432487 -0.016233324941736318 -0.5474850150622123
0.8432805199711029 0.006489816613962215 -0.015902380042547685 -0.5371991820792044
0.8542326558551364 0.028816385379585124 -0.0027749672287164743 -0.5190842755865516
0.8443584292151677 0.0002466250703233531 -0.009662728501763565 -0.5356915286499037
0.8466581592151382 -0.00635858874117537 -0.012478533780728001 -0.5319528324751522
0.8477275991241149 0.007020856824164773 -0.017952794567530763 -0.5300814299897089
0.8397720601244248 0.007153394027645514 -0.014040043710936485 -0.5427104137206689
0.82222577842914 -0.0018760094525460365 -0.022235264949685918 -0.5687238722506256
0.8467327720608041 0.02655268364435978 -0.025016041583654152 -0.5307662059447588
0.8367600592563548 0.015996797389007746 -0.027920381404596094 -0.5466234151669855
0.8354271942328244 0.006023935321023394 -0.023535583408376914 -0.549063923102899
0.8399714443630532 0.024730429673707782 -0.02317054205237747 -0.5415713290821434
0.8370905528919972 0.017863640818303186 -0.01934437647223527 -0.5464303173274572
0.8551704383772094 0.028691719224261766 -0.02854301436983575 -0.5167645526778815
0.8503517919558826 0.027815784668380434 -0.02776997462870165 -0.5247446431835421
0.8445471634734993 0.02478226398375194 -0.025774496140429315 -0.5342860688895164
0.8371796865002537 0.017352402426338093 -0.02114757372624701 -0.5462433951700143
0.8381436101660773 0.024743960828629414 -0.02763889366518097 -0.5441866561183311
0.8343138834839586 0.02552928211322912 -0.024086585132127584 -0.5501712787826819
0.8390399555369066 0.016848934142485682 -0.02370785806974066 -0.5432918220410032
0.8385629752564254 0.03473948003653535 -0.036220038608483274 -0.5424881693263762
0.8347921117041973 0.028707900627572516 -0.03588397143444566 -0.5486440806862827
0.8192494402710523 0.03805584832972819 -0.049041969424115685 -0.5700675330682116
0.79833625701715 0.04553597891567429 -0.06745576883604074 -0.596687032376921
-0.11750573533044338 0.9520165353654958 -0.23604110088410593 0.1553754074766943
-0.25424133620090356 -0.5269153088714661 0.7420524898739889 0.327230350847045
0.5903563691107004 -0.37558049741638716 0.23852774050630887 -0.673441285057461
0.3372860315803128 0.6278175438576138 -0.6128363993223588 -0.34134266095963417
-0.2812172900322552 0.5148156780809973 -0.504408515889561 0.6336037424818511
-0.7233123519683856 -0.4861389963290493 0.3014398799998931 0.38681018146346263
-0.8088379818074695 -0.5443829788777335 0.1299610287367534 0.18038409714692047
-0.7838436246955365 -0.60180015240537 0.10063193660166607 0.11532112523225985
-0.7526482873415782 -0.5712453858587688 0.20261416473102487 0.2571901338449914
-0.7415615617513577 -0.6226879396122578 0.1967570805639527 0.1537297344116572
-0.744300892773098 -0.611308412429778 0.1966974139346494 0.18338029681831963
-0.7239767022205671 -0.684649703796554 0.07597814143510011 0.036603821620032125
-0.7320809436538308 -0.6656727424535417 0.11438018347123328 0.08862542255123128
-0.7234672674418973 -0.673211905398545 0.1216297126688603 0.09266637127839454
-0.7155067881672992 -0.6639937312607962 0.16109945333731132 0.14563422354412706
-0.7072696161572746 -0.6565526769719379 0.19212539966230135 0.1783146186556918
-0.7047997828345952 -0.6598364517475127 0.20878507849635694 0.15582655119981897
-0.7104858904721153 -0.676133457997249 0.15471663107261396 0.11881123888870213
-0.7015330942166519 -0.6848846955544234 0.15529985542217048 0.12110419654160537
-0.6894541689746735 -0.6825993655484852 0.19522011635499456 0.1435275625327417
-0.6722028006030337 -0.7061892851306762 0.18398694555822573 0.12485548563125676
-0.6928060546005114 -0.6996547665118119 0.13693599526512365 0.10840438924197186
-0.7067617594157246 -0.6796163880254846 0.16182139101258916 0.11145949024436771
-0.6946349297514087 -0.7073102567214268 0.11241583087374564 0.06750700759839745
-0.6601230020956512 -0.7240564788697389 0.17336559539425647 0.09962031843241219
-0.6718205857038624 -0.7263197791966685 0.12070844731271961 0.08090827967256772
-0.6725137028474268 -0.7069305599664321 0.18256132318118085 0.12102010637214798
-0.6578764930743883 -0.725027746932916 0.178024821796889 0.09919903659668124
-0.6828560185148439 -0.7124514659554515 0.13707803939723806 0.08561645724387607
-0.6661214931889905 -0.7318848770309805 0.12489498457733002 0.07090786918562061
-0.6812298287331765 -0.7110060547957808 0.14458024052724847 0.0974313324192435
-0.671275341349138 -0.7300449877930636 0.11446393713446229 0.05763452949839894
-0.6695552666634235 -0.7246053628221824 0.14166474254240002 0.08107967546186279
-0.6695496786666286 -0.7272855314631365 0.13220636506761188 0.0726667775355883
-0.6567078386397331 -0.739821244730404 0.13330928892229998 0.0602326655704078
-0.6801811190871858 -0.7064426307455901 0.16730845899539834 0.10149056237472673
-0.6667535559924956 -0.7262548407918707 0.14540293928087683 0.08277431392780049
-0.6738564556320821 -0.7223449323611323 0.13425880809903992 0.07816551888770548
-0.6735249060287684 -0.7306649243213106 0.10327899576463201 0.04273661614261458
-0.6661549533517103 -0.7301065894084596 0.1357797023446263 0.06888990244246773
-0.6626064073842286 -0.7300094377395638 0.14790159508422637 0.07851170534431903
-0.6615181296573778 -0.7195706390756257 0.1804228585204402 0.1098155345942161
-0.6612445552493068 -0.7246352170940646 0.16774590757708596 0.0975743346957786
-0.6576817819816159 -0.7337897401887692 0.14735456117755494 0.08540447379004966
-0.6687103241145591 -0.7149400275823611 0.1760495936905747 0.10341083088592724
-0.6502027464387002 -0.7356759366571899 0.17008191059128774 0.08419886244335431
-0.6716261849973985 -0.7105039086670428 0.182641051842403 0.10365669093982938
-0.6596689082352849 -0.7352854609466544 0.144678116841265 0.057100481043497804
-0.6733172864906692 -0.7051856922271487 0.18704021934916223 0.11988714500219243
-0.6776098858571906 -0.7097769305561146 0.16672601252977176 0.09624961394659183
-0.6671251185700411 -0.6972132166123314 0.2178997739803975 0.1461420379401028
-0.7024602366701281 -0.6676305898109401 0.1889769752828796 0.15845098377409228
-0.6866205235744678 -0.6809526178394814 0.19374797814015296 0.16528009508251035
-0.6922570164072644 -0.6850972953725828 0.18148595333175477 0.13595869906463742
-0.682127223470722 -0.6925657179628444 0.197838480912483 0.12615511393904957
-0.6803812678003137 -0.6968061625260248 0.18356470459210691 0.13359079878571506
-0.6879629541478155 -0.6886055552863034 0.18680773142016602 0.13278642412047933
-0.6715945798940786 -0.7048530975655386 0.1885070990408925 0.12887165988047314
-0.692618650009566 -0.6787221722424365 0.19210892106959754 0.15069764766216465
-0.6909360211635948 -0.6930846847919341 0.1677686861301611 0.1187211115162143
-0.7482554507655568 -0.5729689662561073 0.2134734614510858 0.2573896372489248
-0.681802545188894 0.15364891909404282 0.22454929262756948 0.679054426548886
0.020767109013030315 0.43874334537824394 0.29905554173608023 0.8471356367350433
0.3235205804646525 0.40311677355332953 0.5135259805291734 0.6849250821931686
-0.32698981542357985 -0.5265440929066871 -0.5577618165965257 -0.5520242157562207
-0.5868738740068028 -0.4724184444288166 -0.3238156484061617 -0.572313983071357
-0.9239469644190038 0.21564854002385925 0.24847991092289273 0.19512931095618938
-0.8777335074233148 -0.13349615143985707 0.1195604326294536 0.44437368334158844
-0.8859202984570124 -0.13732136856597926 0.058174411604472155 0.4392081560621094
-0.9288838551442641 0.15783028997944237 -0.15631285277865992 0.2963624052971833
-0.7592636150409405 0.48846189881234925 -0.38662966958974093 0.18825842577830226
-0.3510909330101233 0.8950208405592917 -0.17421038407614156 -0.21289338600027755
0.48807712832347 0.7032778920927654 0.48081439671168036 -0.18973254653815855
0.7492053927524618 0.4732841029804208 0.45862903629304064 -0.06597608965045396
0.9139647628774364 0.3883611759693608 0.03804397572537072 0.11134031223727464
0.9417401265085954 0.2696544662512956 0.014101414186144088 -0.20053217465597528
0.8709214408322784 0.1326807943299134 -0.04796664481537218 -0.4707343748864823
0.8707409760337586 0.3515657406876029 -0.03932377523952403 -0.34156305908494566
0.6620472813290654 -0.1704400377205045 0.07116142352846613 -0.7263467784935983
0.7768098257478058 0.014944562343080526 -0.04185499973275545 -0.6281650369730938
0.7654704220881198 0.03554296962618518 -0.05253314394544429 -0.6403374102811696
0.6990134977917803 -0.2862552451330254 0.13478312669555434 -0.6413045869919397
0.6743394091468297 -0.40358408823399794 0.3140055120909398 -0.532716419281726
0.708447343212983 -0.4313822769838464 0.4136401024595345 -0.3753845476787288
0.9011687051970619 -0.15772633807061306 0.1365961514307286 -0.3799458625470203
0.8257194442840271 -0.0806375765059005 0.033252146613623725 -0.5572963980972052
0.8100194721896141 -0.10609164938724414 0.03226203389278827 -0.5758230438016992
0.8114453879035965 -0.128772377188962 0.051756474425596215 -0.5677105994061747
0.7998073659521808 -0.11800627643178196 0.03679648853309656 -0.5873914491401572
0.825387403352089 -0.0928286851858785 0.024851813226947485 -0.5563280120339886
0.8260876918949653 -0.07630779290893508 0.018702633614581445 -0.5580380430910555
0.8209834999750933 -0.07916342202398906 0.0053507741158412316 -0.5654118981755326
0.8253473097312461 -0.05695942607785091 0.02070006819139848 -0.561363473408404
0.8163074769285343 -0.07377661310331379 0.012825936047960333 -0.5727430574298287
0.8437553408677825 -0.06790033665343725 0.01015878120145725 -0.5323187655943973
0.8176289195491431 -0.0676142480892319 0.004725191161909923 -0.5717420186943688
0.8331791535662766 -0.0619229222577665 0.002966146276593219 -0.5495172897533863
0.8161920897595126 -0.06151698059936596 0.0021002808833774107 -0.5744925783090221
0.8336000370477844 -0.0675245527884742 0.01397927504402162 -0.5480474367004124
0.8340621062394277 -0.05364889553611316 0.012627832651694164 -0.5489104997954819
0.8090127034961857 -0.07111386780731863 0.004580330823067726 -0.583455468700763
0.8254356057248378 -0.05647132953026146 0.015306786905262963 -0.5614559217048047
0.8526690874058211 -0.02453355947750312 0.06387813670459631 -0.5179508813517331
0.8470540377661834 -0.015581713489991237 -0.021773348408528088 -0.5308319777554872
0.8523236051883506 -0.02582869014714822 0.01999870017056091 -0.5219936808003554
0.8260295772856474 -0.051899122362839674 -0.016480114576994533 -0.5609902177139909
0.8399788853193687 -0.049397597019376606 -0.009534361381173397 -0.5402818205153632
0.8426704167182755 -0.02639660407706057 -0.030836742364584196 -0.536897460788731
0.8502453245563096 -0.05508183938215224 0.001163526420102338 -0.5234954873221775
0.8483934504924637 -0.04057897502021869 -0.007436635284492714 -0.5277561903032928
0.8447090975131325 -0.020244829657451516 -0.020996396529173348 -0.5344303872194018
0.8554904639593914 -0.016991937499548262 -0.011592127824557803 -0.5174098594992712
0.8445971810985115 -0.029062876612774458 -0.017578564288217795 -0.534323820319667
0.8513836133906673 -0.024216526722508933 -0.0048335089557275486 -0.523961964148662
0.8467977252797385 -0.008902208638321895 -0.0217959960742234 -0.5313937313306893
0.8558668363542891 -0.019856649698706347 0.0007397593348647607 -0.5168144005808756
0.8617481269004454 -0.011359692066221973 -0.00460159815080128 -0.507188277145867
0.844294866144098 -0.010680521828497958 -0.018791262971793808 -0.5354428016997854
0.8432748563110897 -0.014878006241343902 -0.015098287516465917 -0.5370644312909426
0.8440849410755391 -0.020835379900806198 -0.015677222380642983 -0.5355751337509244
0.8393885147134506 -0.028706558243227688 -0.012168484718302347 -0.5426368793775777
0.8228860725092121 -0.053956151062911635 -0.002309548899321198 -0.5656340790800369
0.8066691578815297 -0.06323708973806902 -0.003127674332158249 -0.5876020403788905
0.8433136559948382 -0.05070016959616366 0.026088207805090385 -0.5343884128880964
0.8185129170328057 -0.0765975951415543 0.036200022279788246 -0.5682068034227684
0.7686675266415728 -0.14230288583880585 0.06448341205648926 -0.6202757545948638
0.801277338937947 -0.1533990052761478 0.083707654320156 -0.5722031106984896
0.7359760870857535 -0.26064584519093337 0.10399079837231372 -0.6161078286116289
0.8179203070026737 -0.12040545350936382 0.07167495172004039 -0.5580068095048538
0.787224081286835 -0.22749906594333863 0.11496824516606345 -0.5615200116117351
0.8551299960981896 -0.11054265279277911 0.10493055122530327 -0.4955023623618756
0.5308824664904125 -0.6112787212058848 0.4682030266890873 -0.35396053109510967
0.4413057281838123 -0.6152215819228445 0.37504654184704006 -0.5348754535937169
0.24464309139375667 -0.6757048746530148 0.5440362709953733 -0.4331249427646812
-0.06326841866253974 -0.8783863672445616 0.44491367322234976 0.16274618403710658
-0.7262109941537952 -0.5131639180192666 0.24312669833365594 0.38751747543904014
-0.7097219039933258 0.39716939468003065 -0.235089434645648 0.5322445383839802
-0.6876878135734034 0.4188553904791187 -0.28357475372643975 0.5207984177954134
-0.5032715060017132 0.7075089329977087 -0.3365692093320235 0.36451346793339173
0.08422570778676922 0.9630670740623412 -0.25547810631485673 0.01178041589221355
0.15503209291318895 0.8573689693631465 -0.4868031108609825 -0.06249985436944845
0.5088770909661167 0.5967129276386617 -0.6132945044593155 -0.09406188961934882
0.6917249445938506 -0.6520956120464217 0.12841052942708164 -0.28248654783669497
0.663391017521489 -0.5293458306873147 0.3468275414551398 -0.3992693400374532
0.6100816637842665 -0.5502056307156028 0.39036295667188037 -0.41556093356023555
0.6273385087360949 -0.526433885690115 0.3502746949528373 -0.45455626442683267
0.5336815394413945 -0.64291839721745 0.3260122900437912 -0.4422170685525507
0.5430046835210283 -0.6241525060317851 0.36474816923030806 -0.42724505372398275
0.5230084766851034 -0.6314181680738068 0.41561848612068425 -0.39374421181345143
0.5084548442688537 -0.6574395426945349 0.38360643593186233 -0.4026077760709431
0.5051124785621794 -0.6796203701760358 0.4038729299529971 -0.3462140853485619
0.48338028821798174 -0.700514795352206 0.39812239849610115 -0.34222956370055113
0.49314051783038737 -0.6895218857937869 0.39725712265437263 -0.3515092846365882
0.4735581235192143 -0.6991303453319377 0.4004511280732837 -0.3558066299408157
0.5002850671279788 -0.6898515998925266 0.39099158757100566 -0.3477717644996205
0.499930146793784 -0.6877715957808147 0.40417909273119784 -0.33716367147550613
0.5097635585258448 -0.6736896260196173 0.38936172140213815 -0.366988899150069
0.49717603513023584 -0.682984595145684 0.40931407932051583 -0.34468829013452607
0.4869089289743079 -0.6977925187984924 0.3918000956500966 -0.34999711519171556
0.5031109946867526 -0.6883638244212327 0.3958283553773672 -0.3411077327366377
0.49433123188700717 -0.6975997189629366 0.38557028649861236 -0.3468815640146995
0.4877064237238494 -0.6828901480575253 0.4203698230845378 -0.3450981045794637
0.4964615042885099 -0.6963552136413405 0.3847559538353066 -0.34724378638414305
0.49342108070218516 -0.6951411999153245 0.4006809705207086 -0.3358111212594865
0.49659715891150746 -0.6973107989851381 0.38464896487883904 -0.34524496404345273
0.49195364172617423 -0.6833174621326483 0.4142180715077888 -0.34566204531785116
0.4914390673276824 -0.6881795591117275 0.40005071377121393 -0.35334963412465653
0.490128096836387 -0.6928615752295499 0.39712301748576134 -0.34930015065122966
0.49039925057694717 -0.6905170123238329 0.4060443079060698 -0.3432533331841322
0.5008756200960397 -0.6953824154932242 0.3826848044592438 -0.3451365669589463
0.492430976404146 -0.6905330250779393 0.40529273517618813 -0.3411944805646388
0.49078036767326066 -0.6987056339703605 0.40066806940907035 -0.3322802520773454
0.49749455132650544 -0.7067834316850274 0.3841228742398201 -0.32466285525405386
0.47373642836073704 -0.6986203852511907 0.4129351388031359 -0.34203497613127937
0.49317326173726106 -0.6988092891094355 0.3935939304895139 -0.33694143295773527
0.48067878815275356 -0.6980166490736937 0.4106797987188958 -0.3362480678905674
0.47922598323879895 -0.6905992484251727 0.41057847672732145 -0.3533276800813449
0.4856442850539259 -0.7022417216774111 0.3999170142622111 -0.3332755233040751
0.48707128541200617 -0.7012277971740966 0.39633149347856444 -0.3375833033112135
0.47398428716419855 -0.6969308491782163 0.41386387709325473 -0.3440101426157608
0.4994159781912777 -0.7039354934685266 0.3814432221927835 -0.3309978398806527
0.489999327244952 -0.6997145917346502 0.3947916671052847 -0.3382893569081596
0.4787370970542577 -0.6929052547177059 0.4139918381828225 -0.3454039053147215
0.48020922591165455 -0.7005489564790728 0.4033606865063757 -0.3404855584404672
0.49477634670711285 -0.7022102777419736 0.3899743626903533 -0.33168824069742914
0.48449726986518243 -0.6966024696517675 0.4063984914082886 -0.3388918130455649
0.49172396329539647 -0.6937851221890504 0.40071602281950386 -0.3410226051245149
0.4886478993789618 -0.6973518838548842 0.4034996926603692 -0.3348306714438803
0.48532250376272 -0.7037369277677689 0.3962195605230743 -0.33500218461432263
0.4920377971682661 -0.6993319488908135 0.39327778247620665 -0.33788491713743934
0.47403579979659033 -0.6935863630446133 0.416370582667703 -0.3476543619727936
0.47632918936251084 -0.6974584367565131 0.40830917697811814 -0.3463319915252793
0.48148076133558443 -0.6939074226724901 0.4059170895276789 -0.3491419219359177
0.4737883059095788 -0.7017877259952123 0.41007299425738 -0.33890820026459517
0.47649719900962106 -0.6999964221884213 0.4058981934484744 -0.3438053007367104
0.4723820629533812 -0.6917898520929155 0.41816824448980877 -0.35130799370563914
0.4861927019471335 -0.6981476435441143 0.39870184056368074 -0.3424081872827802
0.4745976030846489 -0.6974927912341865 0.4103502771766167 -0.34622762937657564
0.488685627585556 -0.7098254481586672 0.385357620778611 -0.32989952204498096
0.4813789824027201 -0.7008698579738184 0.4000388865318971 -0.3420885948800419
0.47867890084020814 -0.6957610380442872 0.4107299678457934 -0.3436334985756477
0.4907171020393919 -0.7050733262010758 0.3870789369927991 -0.33501974118301936
0.4846358029503573 -0.7039090027194269 0.3952854612620963 -0.3367338095647897
0.47712059080254937 -0.6933094604138523 0.41132310976640796 -0.34998747592588314
0.4978579394515368 -0.6984859824670098 0.3915515623339558 -0.33307983796081747
0.4863317087784357 -0.7066910302635939 0.38999601774586273 -0.33462271728619336
0.49032731356443043 -0.694739698397398 0.39370159090808265 -0.34916319158786735
0.7456039005269829 -0.4462070509354241 0.1733671583610887 -0.46359240677157554
-0.4478347970394314 0.8231250220495065 -0.285325467477139 0.20124256569026971
0.27343037483575316 -0.8937268860218497 0.34185973691023686 0.0980816170264889
-0.3450685695324105 0.6706217830736523 -0.32910906287136954 0.5682264787247246
-0.737474265101051 0.46818400165920443 -0.21580647158283262 0.43630610324290314
-0.6850978174468213 0.44963093865255316 -0.22604065364519801 0.5266674685564674
-0.6945431383642964 0.3818416274822886 -0.20313366273497738 0.5749291395786297
-0.6711285006781108 0.4311237837420647 -0.24938966173986687 0.549111660126382
-0.6790063055266936 0.43509982453888296 -0.2269025150919678 0.5460346402804156
-0.7858807333040788 -0.05608088267815655 0.18671699395194225 -0.5868416922723132
0.03819179494081977 -0.4835622131863506 -0.21324340317514545 -0.8480779585508628
0.5653958335839879 -0.3221172947592717 0.1492875842447023 -0.7445006494108766
0.9079510148205852 -0.12871152213092157 0.029702879877740434 -0.3977135120711634
0.5048417747154526 0.7944570082965732 -0.33315021236321507 0.05462399173399739
-0.2896603489195554 0.8599126358573267 0.011912635439217802 0.42012525521991473
-0.8302574436425767 -0.3206710985737025 0.238697199172513 0.3884150755607025
0.2576367725900765 -0.8985508285683661 0.1437424625865007 -0.3249119978363994
0.7304709525790136 -0.03904165559657331 -0.08066298683647599 -0.6770387131628482
0.7781769074013669 -0.09095381957394819 -0.06989103138393561 -0.6174814549638262
0.9073738421395949 0.1772541751960901 -0.06414343687193194 -0.375685090844233
0.8001641228962398 0.02855407132644247 -0.07979447375703407 -0.5937633227121845
0.8437119531191182 0.04985000256808352 -0.0025303228594006615 -0.5344704995358603
-0.7093023721869012 0.4352192038250828 -0.03008308534311879 0.5536870934093862
-0.5019199615718951 0.38147836326571816 -0.18252842904164912 0.7544759659043911
-0.723860477344458 0.13143039779605703 0.014836448509147839 0.6771498649999562
0.9238821738038917 -0.2447163027451417 0.1697460689691481 -0.2402955100863624
-0.9741234564505548 -0.09913949553776658 0.13795843816442374 0.14907153100634069
-0.7320170889752233 0.08070766817076945 0.12733599635253282 0.664396566652466
-0.8266572524844874 0.2090871603966692 0.28019229782676114 0.4409224676863444
-0.6545191812359223 0.07652443358119088 0.09744845293327183 0.7458233379830962
-0.7116652720119419 0.2633758250174486 -0.08698919126382018 0.6454444949116954
-0.7861520052156861 0.12918382406393794 -0.06488019205895233 0.6008886127844053
-0.731057916523587 0.09497961120268231 0.01914028948495264 0.6754012477501145
-0.6867878627129496 0.18967286878624878 -0.003261663379590468 0.7016665846601017
-0.7824334289670124 0.2671919331640839 -0.0912909908962921 0.5550426605839734
-0.773567959081723 0.21577519653246127 -0.011006173292588956 0.5957453662370936
-0.9976039765249856 -0.037814935046489466 0.005564845479062136 0.057666014287099866
-0.7310759421157202 0.23427577616103204 -0.016754950518317862 0.6405951133101835
-0.852275689546489 0.15569227611097056 0.045525396737813625 0.49730624610928303
-0.8262285672334507 0.13335954806267605 0.026818430509671264 0.5466647577929971
-0.7773616382485039 0.1592249854695025 0.021691592872113797 0.6081823428713706
-0.20750378728325247 0.47083513990077475 -0.24394810945956977 0.8220375716406314
-0.7735558686626068 0.10224877746274733 0.030100900044185697 0.6247002812401666
-0.8607462002280923 -0.03944716021745252 0.04925443046754225 0.5051078116828105
-0.8902746669503278 0.24781387758653586 -0.09162340146587394 0.3709507403494857
-0.8716351504726697 0.09372013600693067 0.05257811790041083 0.478230323260016
-0.8576342296170182 0.0038193756245116324 0.0035399079008782376 0.5142338083120517
-0.8395754723001513 0.03935233210596458 0.04058401575909397 0.5402937700313278
-0.9091251604715488 -0.08700545001722691 0.06176511463145523 0.40262459547256113
-0.7897601069614244 0.03718149894473049 0.051604762364783674 0.6101093820699502
-0.8553006499653474 -0.002275068415547352 -0.0034322833797944844 0.5181156643678702
-0.8484472294948816 -0.04963541781867908 0.04441139574160365 0.525072615919653
0.1896263756910576 -0.8400065071990646 0.4446970278385669 -0.2463238903091757
0.5420560190363162 -0.5292445227112463 0.38780808105415393 -0.525052758944985
-0.8436164139177743 -0.14789658986019524 0.1567071522555677 0.49181379942839143
-0.8369654606384322 0.026142670512731822 -0.013075248812584565 0.5464745340317778
-0.8980903606088056 -0.2376095812892735 0.10513077839139272 0.3548561828345415
-0.8363998275521282 0.062090625768653526 -0.07602770782303883 0.5392586302560228
-0.8468855748256594 -0.018645363804019998 0.02405117578634772 0.530903677237333
-0.8759846635898512 -0.08437259656795273 0.024902632295686244 0.47424887243777664
-0.8510193163868245 -0.036252556039840594 0.025089727852477695 0.52328040367796
-0.8487918940966667 -0.03393940737867276 0.023438756357446383 0.5271157954785587
-0.7959525093990228 -0.016602536225768176 0.05595118164063193 0.6025391471475421
-0.8417492583574487 -0.01757620339914547 0.04750493317813145 0.5374872505022777
-0.4784034954841243 0.48461111620856945 -0.1286626527410131 0.7209216901614912
-0.39292247387293405 0.2532587935990054 0.05159875066301981 0.8825018311144546
-0.8064995660285855 0.03646147004310493 0.053119274755906706 0.587713666548095
-0.8013771804928448 0.030518660408231917 0.05340164341041086 0.5949886473146296
-0.8273193888795131 0.01590167573992054 0.03620950959217317 0.5603379666842018
-0.8443656980870654 0.009896577153695798 0.04334379941619968 0.5339194140567957
-0.8212331121629217 0.0260386958169637 0.03347321447780329 0.5690146797050816
-0.8255807532822063 0.012289225949406315 0.036723887417273705 0.5629535956262405
-0.8283440404144636 0.010566224224731415 0.03574704337124473 0.558978223641752
-0.8335458567375673 0.011709124371503923 0.04318794993236328 0.5506350897851746
-0.8160883639983766 0.015510734881111007 0.04021769108004968 0.5763173922189844
-0.8129827395792389 0.014973729668130164 0.03622137897162552 0.5809671800295217
-0.8340695931281518 0.01942055641185101 0.013794469206710095 0.5511446891942247
-0.8018865699606231 0.025665372339281897 0.028840513566310243 0.5962276766107929
-0.832533676897748 -0.014937061572437254 0.02468601312182506 0.5532225246488491
-0.827940264150605 -0.006722685040410774 0.025665894940600932 0.5601883489871705
-0.8119808982855365 0.011944369658962048 0.006202957916567155 0.5835288134839175
-0.8140091548569198 0.014687606894339459 0.024361376384245008 0.5801550597499825
-0.8270163053953602 0.010841161941113798 0.024003320687090615 0.5615606293304114
-0.8215480361670474 0.004726716595476205 0.050000421665682 0.5679229175280285
-0.8263405510513943 -0.006641639063350992 0.02740180631207791 0.562464508506506
-0.834687487417707 -0.010721406504546272 0.01921850628896 0.5502840164923023
-0.8202716579175184 0.0029682923149794674 0.012712044012394737 0.571825148445751
-0.8316345603986369 -0.004953938879334732 0.01818768089684315 0.5550032654892584
-0.8180296012739394 0.01590699207461514 0.029583540552852665 0.57419452554957
-0.8210924007823939 -0.005011849200972256 0.039213492568351924 0.5694246681920123
-0.833476505525594 -0.009780390463908054 0.026999485018792017 0.5518081972098077
-0.8332519107940036 -0.004499858226822263 0.019384705603435175 0.5525352817899943
-0.8316553525801008 -0.008799575920154694 0.017811292272708813 0.5549366629229588
-0.8179496764557435 -0.005743789084204588 0.03699357662307549 0.574070388507832
-0.8215961969902287 -0.01712248452819132 0.05042575700984246 0.5675770896052443
-0.813543817069904 0.005690998315497378 0.04302774788573855 0.5798816113288858
-0.8229728280076375 -0.0005301833356813185 0.028175304553172346 0.5673813492529325
-0.843375004512239 -0.017686249669169433 0.027861441603763654 0.5363110463232887
-0.816113835971057 -0.004854220653375168 0.03153868413786856 0.5770094927133408
-0.8266203068492408 0.0009753027816266569 0.04406790145944608 0.5610311374156622
-0.815075924436026 0.001892683645629402 0.042947510629666216 0.5777570133577695
-0.8195409707075155 -0.0052379928388615275 0.03817609293010981 0.571723487965463
-0.8087404563659941 -0.010573264383713626 0.04223625673406963 0.5865519405255508
-0.8237064402861157 -0.009443871891788939 0.04599342719749585 0.565069126894662
-0.732936898705774 0.007603572419021239 0.14859311535765296 0.663826614614342
-0.6620946808099135 -0.01789871487231442 0.21473399833345638 0.7177740449534697
-0.1592782928640725 0.17666780141119395 0.25073105991565314 0.938377775184608
-0.04042794563470713 0.47347598956115766 -0.440843155316992 0.7614744781875478
0.6182345986529196 0.24654986152958708 -0.7413428106006512 -0.08608126380886696
-0.03391977822651331 -0.47576770121909895 0.23136970839918056 -0.8479166239419041
0.41030637158483446 -0.48915220569003576 0.4574696291623776 -0.6189509992717497
0.7410123613819979 -0.301192355386789 0.12499460754532858 -0.5869924986064328
0.9796372908472148 -0.19110191637692053 -0.03066193961499131 -0.05339177275240492
-0.4728750790237299 0.5414037043517937 0.004092985154306737 0.6951650422921046
0.044359368425761624 -0.8244302965489391 -0.09756983186066633 -0.55572210724046
-0.8208645024769313 -0.24839554363649904 0.4761717897921135 0.1942718432532189
0.8041606058997961 0.49780140612742885 -0.20962021630496036 0.2481508510819361
0.4124406275973174 -0.03051957406106364 -0.7631272299840992 -0.4965864629277139
-0.6733243076251433 -0.6763690635137588 0.23803871513828614 -0.18026879036027388
-0.10936645827898894 -0.14720494867317538 -0.8451942548912947 0.5020123030249228
0.1878447622004909 0.6040974407470187 0.639357448439691 -0.43703853436674317
-0.47936400725359607 -0.8698573352083795 0.07994617813236356 -0.08465797975371177
-0.7128187534478551 -0.5916645542543939 -0.3143473773547458 -0.20738419978915598
-0.17665657256095998 0.9075254674632529 0.13998793935218 0.35439153222466946
0.913353032463716 0.26706635400026424 0.25429855127645745 0.17260952311223962
-0.019058425081059666 0.9989749302488363 0.019672190330925418 -0.03603984039013006
-0.22595784299142485 0.9211267310843998 -0.30467584826251837 0.08741410617254602
-0.10031425059387471 -0.8962680279463114 -0.3837500613479181 -0.19843528825410092
-0.43395084006543044 -0.6611409324930013 -0.5762414981037777 0.20621608000324781
-0.37175349565027305