0 0.805506928280091 -0.007840219797126942 0.03358191596013492 -0.5915820943594824
1 0.7616589838485014 -0.024627294426623862 0.02443421615457713 -0.6470487290560147
2 0.7529881812814313 -0.033364814290994596 0.02918675697795701 -0.6565392000748466
3 0.7469316510061638 -0.019993076250664196 0.011093331205546562 -0.6645075798138088
4 0.758583613640433 -0.02711815793892887 0.017422594658557652 -0.6507779650707184
5 0.7705048772513573 -0.019481824755661903 0.015441582757873497 -0.6369491739204881
6 0.745065060487455 -0.033202170484606254 0.02891127634852046 -0.6655372338313128
7 0.759578404371675 -0.021629206484487042 0.022571426655994032 -0.6496640329722315
8 0.7571294835478631 -0.008523988598458798 0.017671193660267714 -0.6529701491458403
9 0.7508041797561218 -0.029441380030382942 0.024206153383243223 -0.659424257167592
10 0.7558309783469657 -0.025000027137902465 0.018235752379150174 -0.6540351581905511
11 0.7509748019597762 -0.012685226463671926 0.01601614980637348 -0.6600147080152231
12 0.7527116348558904 -0.025313259188077614 0.018532861412826434 -0.657602438187164
13 0.762351097569153 -0.029964544105182546 0.02721616187035753 -0.6458964395820144
14 0.7531225417118815 -0.02174435451788207 0.01809531162616939 -0.6572717702055882
15 0.7608978688679818 -0.023962789650700957 0.020989573280186385 -0.6480892343480452
16 0.7590341396498952 -0.027931148857653725 0.02380222919714272 -0.6500157533896251
17 0.7585315697068097 -0.019833166477999452 0.014737682266305821 -0.651167646606461
18 0.754990290585887 -0.02221373084960228 0.023046728854236607 -0.6549542423497223
19 0.7588365939191832 -0.02788772983133646 0.02089794589814062 -0.650348040752969
20 0.7678902526279541 -0.018685401019253596 0.02187940753943343 -0.6399349242176504
21 0.7602618088193439 -0.026103210441905705 0.020447685514559884 -0.6487699874473715
22 0.7418799311715606 -0.029496878837166347 0.018082697644504042 -0.6696395432690959
23 0.7579430708614392 -0.024672568303723857 0.028179000959382937 -0.6512445850917767
24 0.7449773699555908 -0.030058796275830746 0.026211485786148483 -0.6658964972376573
25 0.7407470100411883 -0.02741524843657626 0.014981510893296995 -0.6710572446517171
26 0.760595889491239 -0.026770333950625416 0.02420108287407781 -0.6482218367942605
27 0.7706912639192386 -0.019737309308684687 0.02164003645421122 -0.6365352489549031
28 0.7660989207816135 -0.026000322959697893 0.021761636780240956 -0.6418277478793539
29 0.7588034088786197 -0.02641235743565686 0.013644302159037886 -0.6506409202221068
30 0.7553865047809412 -0.023266871439911754 0.022844907014305704 -0.6544677160194683
31 0.7527301876811979 -0.024728189508903722 0.0234600221667882 -0.657446125973052
32 0.7588481666986306 -0.01406384580479989 0.014822392941603752 -0.6509469754187285
33 0.7639312252791515 -0.021061996608111404 0.016797109839772645 -0.6447350870267609
34 0.7602628923373086 -0.03258779727970785 0.02917160395627014 -0.6481414872741792
35 0.7621722704649295 -0.021563152414060514 0.016416150435545087 -0.6468067490349648
36 0.757618404102354 -0.021038804447736807 0.021677690444327793 -0.6519983130421522
37 0.7493865367353093 -0.02642100257905389 0.020797019424008044 -0.6612784838217965
38 0.7565285820692387 -0.025514452526337886 0.02561603166097424 -0.6529604399552338
39 0.7591498561485938 -0.023764280179544156 0.01695606785285601 -0.6502609066060226
40 0.7651369211331018 -0.013579435549149617 0.011514608824245555 -0.6436213985199286
41 0.7560931155387086 -0.030898715851229254 0.027524703605444838 -0.6531545457892385
42 0.7584120243587796 -0.02546008821763552 0.02037817590204929 -0.650959073339387
43 0.7644484323784886 -0.023866341711901953 0.02181279594900822 -0.6438735853412914
44 0.7596192826737662 -0.01542762153348555 0.016236150417225568 -0.6499822469142074
45 0.7663648679769969 -0.01889071524365548 0.019826403844750436 -0.6418215824656942
46 0.7735680185795757 -0.027336669760067323 0.030677414250159997 -0.6323797303616097
47 0.7535940100048386 -0.020046390614083445 0.014203458683815626 -0.6568808659639828
48 0.7692745281173242 -0.015074536523928409 0.02388311475482718 -0.6382938630192716
49 0.751451705118501 -0.02622456273048462 0.027808033530500705 -0.6586799833418796
50 0.7590664322807366 -0.024542127117255272 0.02368097930317151 -0.6501192556757546
51 0.7586027197816104 -0.03584629030113325 0.027602378125094206 -0.6499808195119526
52 0.7579123495854131 -0.015758187246237673 0.018915063082833413 -0.6518916859948465
53 0.7531601269021668 -0.022932288265039215 0.02851330766213971 -0.6568187913616703
54 0.7579057969793057 -0.02928030596361314 0.035230488531665195 -0.6507536240895327
55 0.7593521184152063 -0.028172268977867645 0.02465434490914605 -0.6496020680355612
56 0.7566622209789736 -0.03392055526562665 0.027908413952385927 -0.6523287512476365
57 0.7642242454714222 -0.023677494202925458 0.026653516438045307 -0.6439644935579854
58 0.7637756234915458 -0.024994120314027805 0.028708934936497333 -0.6443585088789006
59 0.7549040422484425 -0.023684827299840148 0.022465055498334087 -0.6550223181191578
60 0.769887432029938 -0.034669084591829186 0.034989879961377646 -0.6362759659740422
61 0.773388930397602 -0.021310841956394176 0.030690788022877023 -0.6328297447845651
62 0.7530404342964833 -0.04380848257532009 0.02146237056906692 -0.6561633088024413
63 0.7646271396809764 -0.026865525066032334 0.02522057308657149 -0.6434186067556639
64 0.7493043519677075 -0.029353029987764505 0.028532072857885653 -0.6609593849634209
65 0.7601681246863369 -0.025750926108901822 0.027796114674260613 -0.6486206040702124
66 0.7492599711481439 -0.024989951330369943 0.01656969650215057 -0.6615968886908514
67 0.7487259450309053 -0.02689777295206226 0.02621107579757228 -0.6618148899453161
68 0.755171671081034 -0.025751197706444504 0.017118439471433336 -0.6547973595269189
69 0.7601792408695635 -0.023850198783543344 0.028193339214624746 -0.6486631062368886
70 0.748772642125285 -0.014342231146829861 0.009996044569967886 -0.6625963400920699
71 0.7553251586434496 -0.022899116941759497 0.019882402617722766 -0.6546481690417244
72 0.7477130742531032 -0.028456678862134963 0.019099885818984863 -0.6631369167681834
73 0.7517119423154722 -0.012220330009653791 0.012442352617517999 -0.6592609552947124
74 0.7131339815989022 -0.039418195202989816 0.007968448523702034 -0.6998732985362142
75 0.7492476278632121 0.02100305835688051 -0.03113999030297184 -0.6612239897984177
76 0.7291217297727094 0.005945421934094692 -0.016791146879628172 -0.6841521852027842
77 0.7581205603961158 -0.0019920846996385887 -0.0065702150813745554 -0.6520782773387052
78 0.7653479289609094 0.010534646115207805 -0.009158873415972886 -0.6434653711772097
79 0.7536854453908822 0.008430167905882824 -0.016939291716179288 -0.6569628924613476
80 0.7577870887798969 0.008196078574866254 -0.000857340338446511 -0.6524498581056075
81 0.7352057676648622 0.005097595052557011 -0.00836859322124056 -0.677773162912562
82 0.7465077548356103 0.0134028733495763 -0.010328048539828341 -0.6651615340423938
83 0.7474411573874004 0.0017683645840336738 -0.0025910276417343337 -0.6643206121338108
84 0.7602991910705464 -0.0003337387514799911 -0.007829071850320675 -0.6495257764784097
85 0.7514789682709243 0.0003305847220323446 -0.006774742446626839 -0.6597221792732078
86 0.7485668123370353 -0.002820649207584228 -0.0031187124959039126 -0.6630460353836568
87 0.748752485051792 0.005305111559933355 -0.0034671398839882486 -0.6628193953567799
88 0.746324331538032 0.0014694550406406668 -0.008503049457755383 -0.6655265066142086
89 0.7652740866987615 0.011162647235606891 -0.005978581171072264 -0.6435800059831338
90 0.7673799482095228 0.00013212127463516936 -0.005428210344876224 -0.641169659421257
91 0.7622812653756126 0.002859826702301964 0.002590733925633686 -0.6472344103540186
92 0.7462329509597915 -0.003262264858203455 0.0019971731586316266 -0.6656739080279553
93 0.7545148284133743 -0.003370737483736287 0.0042813076039020705 -0.6562603768614657
94 0.7583354942958545 -0.005728169248104388 0.005245535659740593 -0.6518181882425265
95 0.7536116143302213 -0.0016468435416432561 0.0037115188732122087 -0.6573074222010589
96 0.7477337829877596 0.0009541239134480155 0.005247656223268911 -0.6639772146169883
97 0.7611074615357323 -0.003128854759534234 0.001529931239178813 -0.6486164518210519
98 0.7618445995069298 -0.0020301136434076133 -0.00010026312569119917 -0.6477566478146143
99 0.7479524429268876 0.0010459719451807997 0.0009093466062492974 -0.6637508735596064
100 0.7610331384339835 -0.0015427483170660594 0.0008402555580043916 -0.6487106258599044
101 0.7500299588328712 -0.003984093215608355 0.01333440353457956 -0.6612574245608044
102 0.7588060732495285 0.0010073162001568985 0.008338479021286881 -0.651262464971931
103 0.7579713315858504 -0.007706804881692715 0.010676945067577569 -0.6521549420931442
104 0.772518144184315 -0.00081806607444967 0.003903698720719731 -0.6349801641076811
105 0.7586045420757165 0.0017009394283574659 0.002853696070514611 -0.6515428703975592
106 0.7619420987098064 0.00426747215712173 -0.004004459753648318 -0.6476187081895991
107 0.7314268325819562 -0.026652303569234086 -0.022949992568708527 -0.6810122914710692
108 -0.1879689715476185 0.6721125465709243 -0.713338691948286 0.06387723418234202
109 -0.42863432791664674 -0.6944446726893765 0.5493619838872651 0.1795010310951938
110 0.6585454805314929 0.43414541993476286 -0.3719297827387706 -0.4893912965440888
111 -0.30630986986923453 0.7355865513845743 -0.449783471463486 0.403461916221466
112 -0.015104784704495056 -0.823963271104314 0.5427540843867209 -0.1620937297727522
113 0.4030327880894537 0.6963010329881372 -0.5501253218109221 -0.22381146862241905
114 -0.6729207143649261 -0.4128544055558502 0.3686092289351282 0.49077101415586233
115 -0.20133421892288908 -0.6369756774312197 0.7071752640963352 0.23158079476076485
116 0.024773734001676203 -0.538586254647626 0.828599080879465 0.15078020949037912
117 -0.19360676866585982 -0.23775658827048354 0.7989130634372424 0.5174225941433795
118 -0.26261672988787427 -0.22884540029888126 0.7493446245402448 0.5631561680543714
119 -0.3186823563842697 -0.2839524146159467 0.7139088623750275 0.5551096451923141
120 -0.3633753348451165 -0.3649957620998161 0.6733588167220496 0.5304001919476041
121 -0.40528423315850043 -0.3489744550247172 0.6390240218420724 0.5528198798904671
122 -0.4131902399356688 -0.4114771971480685 0.6418428038151637 0.49799413353950595
123 -0.4688574865601401 -0.44638902769112665 0.5710063048099698 0.504837887960821
124 -0.44548941194463265 -0.4360320270688548 0.6034591760872429 0.4972446862577385
125 -0.47641115689688845 -0.46964519873929966 0.5694620664015843 0.4776805960209494
126 -0.48086730406509437 -0.45080645832118393 0.5695316643080605 0.49109454931567864
127 -0.505235467838272 -0.5021798294175401 0.5293077880717129 0.46085334592584176
128 -0.5019669865965759 -0.478519195806648 0.5453735135282777 0.47076135605371594
129 -0.49543194267795954 -0.4861671585305859 0.5522086469056309 0.4617946452951696
130 -0.4867906063032844 -0.4889559267103118 0.5543462065524896 0.4654645965383463
131 -0.5119790255479467 -0.5188339402481759 0.5131531087248824 0.45316962260451277
132 -0.5277963650067301 -0.4978388644246902 0.5047636023984055 0.4677618708785509
133 -0.5152672209857405 -0.5159293767912378 0.5135364686752111 0.45232384911922435
134 -0.5342831710669858 -0.502918066934583 0.5128734387447306 0.44561838707075746
135 -0.5422624270399024 -0.5163838193919149 0.48937488162185666 0.4470027254151884
136 -0.5697088769249415 -0.4752217760747584 0.4491652476447816 0.4978419823653647
137 -0.5818921347233991 -0.36810462206857086 0.43957770491959786 0.5767772291764119
138 -0.6084023433751968 0.18204699436176688 0.08517555680139915 0.7677568657739163
139 0.3482018574551028 0.5397721652567881 -0.7532141974679968 -0.14166809383716814
140 0.29136694017313725 -0.6065865477064868 0.5781102599036999 -0.46146136751601036
141 -0.7248814049350477 0.05816305445343356 -0.0015640028084721227 0.6864120932583088
142 0.3374182351359265 0.6218372798031682 -0.7060317787053026 0.031407952861970546
143 0.6267930613180904 -0.2719533624096448 0.23405512095923448 -0.6916574493998767
144 -0.46216303180673773 -0.5550386740477198 0.667092907067773 0.18254987176774687
145 -0.7262819492131694 0.12208070464196405 -0.10479594008509449 0.6683028076724818
146 -0.21226165145181872 0.5958709923142462 -0.7011913994693442 0.32895801122879614
147 0.49721055760348576 0.4542964168573474 -0.6490442061442074 -0.3537485625537461
148 0.9738350238102949 0.0575037693142853 0.00447348037191348 -0.21981503790326523
149 0.7813433293619029 0.009616596182625064 0.03263537272436839 -0.6231733749019279
150 0.8155394629532718 0.034115449838598974 0.016752636474810827 -0.5774520496277954
151 0.7256088775594524 -0.023336432868628507 0.04074803171382428 -0.686503288862718
152 0.750776749154985 -0.022994978839380946 0.017323908550448047 -0.6599283188869719
153 0.7943506013939752 0.04359778513681893 0.010183002158266244 -0.6058074460282231
154 0.7530927340591902 0.023854454012600158 -0.01784331643484838 -0.6572396176354713
155 0.7856049308814523 0.02762541223092867 0.004980686505755224 -0.6180913540373714
156 0.7693938667305793 -0.009294558610802122 0.008621691966070892 -0.6386488514396939
157 0.7700022088365751 0.019755650819054137 0.006840877283183309 -0.6376986083139176
158 0.7665068530979887 0.016181773743766108 0.001677301919069284 -0.6420300468129168
159 0.767661780352965 0.029862923433964197 0.0007008004924977271 -0.6401586566375269
160 0.763163442009372 0.012137671263685158 -0.007529947883958539 -0.6460476279668299
161 0.7746493702408396 0.02947881074379574 -0.0006993480353648271 -0.6317031453261314
162 0.7579476452236743 0.017471174429190064 -0.0024015268610710233 -0.6520769569864339
163 0.7639922742487023 0.043523600577296304 -0.006416275213429261 -0.6437238014035748
164 0.7538607934235871 0.008422802775151053 -0.0036565933328470204 -0.6569700068171825
165 0.7603324555502449 0.029656698140275384 -0.006909009922705277 -0.6488199310087811
166 0.7674745741719928 0.020460629987412757 0.0009061248926827974 -0.6407521514265211
167 0.7705607496053241 0.032051820778841895 -0.00408327429931829 -0.63654704368447
168 0.7589865675813483 0.01603504241010592 -0.011210358835465456 -0.6508122582594534
169 0.7605949690780344 0.02974468498010775 0.0025238527413090784 -0.6485400349214828
170 0.7657218183536924 0.022909317248777854 -0.006507443149613857 -0.6427308248901437
171 0.7708127340564832 0.027895712836407602 -0.0027053053119189705 -0.6364450011940446
172 0.756701519032715 0.016411023223112817 -0.007028677928131501 -0.6535167075882106
173 0.7756270940175072 0.030146731680997952 -0.0028136276866308303 -0.6304648040090358
174 0.7745204936593456 0.023701142430697833 -0.005251202955502335 -0.6320828154733235
175 0.7734663720801037 0.0255113100190248 -0.001237518483203316 -0.6333225188404084
176 0.7770203735123563 0.022150049766772213 -0.000915850027354513 -0.6290849510684349
177 0.7710117869960239 0.02159400463772604 0.0001041762801074765 -0.6364546428648364
178 0.762150455316556 0.024778794778473473 -0.0038335471800923335 -0.6469142127872217
179 0.7697381768567566 0.01418080752201624 -0.004780886625793512 -0.6381842891440773
180 0.7604779470004219 0.032353383988500274 0.0046014212670369104 -0.6485409606130049
181 0.7615386312705356 0.011578146641239922 0.0004754385755586985 -0.6480159207620707
182 0.768047666950505 0.02900456007641945 -0.005914779478200085 -0.6397081617193764
183 0.7671049025744766 0.026583544394584248 -0.001479700936264342 -0.6409689494029825
184 0.7646436697332688 0.031545582527665865 -0.003287746738169458 -0.6436723741789883
185 0.7467257868550294 0.007625389033895875 0.004250271358906031 -0.6650747235320212
186 0.7638215581593425 0.030243817178109755 -0.00740584617089738 -0.6446759591112609
187 0.7672907645549102 0.019167725700465127 -0.00011889752773767028 -0.6410128444762954
188 0.7525684232461441 0.018670972136384897 -0.0073946992754212815 -0.6582077799258536
189 0.7552406120756157 0.05134287123155178 -0.03523154273857199 -0.6524831536841469
190 0.7023820093949004 0.07101824325275237 -0.06840997122969276 -0.7049368750746605
191 0.6191400273866839 0.10950113697409146 -0.1936228237815445 -0.7531170756262657
192 0.46636616030376676 0.24912250889659862 -0.4909949063964466 -0.6923615977055128
193 -0.1421500929840111 0.44785465207609443 -0.6289468374788625 0.6193911827785207
194 -0.5388399688596979 -0.4888453886023385 0.5122640421843757 0.4563630408856886
195 -0.6671115919235555 -0.3903551714927434 0.3911203977445907 0.49960964610203784
196 -0.587582321777087 -0.6397104816342544 0.4271136497102728 0.2511801048122412
197 -0.35654616307424264 -0.8474975004769415 0.39274060845277375 -0.019432826724828888
198 0.47892319444466014 -0.8227409600429045 0.116168074434552 -0.28325759473096296
199 0.8434854157011809 0.011502624533331562 -0.24139463777524287 -0.47971728338846686
200 0.6369634086373119 0.5716004041622453 -0.3908059505126492 -0.3388529224643037
201 0.692439967441519 0.4620587117072306 -0.31488074920791737 -0.4559372239720102
202 0.6246233499487082 0.5146438532113554 -0.41744549302222406 -0.41319079782354134
203 0.5852195544916239 0.4467793106507739 -0.45447294791040405 -0.5013588138575721
204 0.5588363094641919 0.5109995446448441 -0.4835500512083403 -0.43904531949858594
205 0.5811844637913601 0.45949544128422315 -0.46385218493477853 -0.48572596082338265
206 0.587383364027509 0.4801737243617083 -0.45777038098850686 -0.4635302108665308
207 0.6187650396833897 0.45004818605285535 -0.4125089477431529 -0.4943913671657146
208 0.6140790929556519 0.46398171220061457 -0.4353509970353381 -0.4670089375145695
209 0.5978761832660191 0.4505944618086397 -0.44408391353244275 -0.4922379284577224
210 0.6242554523187472 0.34517173416382274 -0.4293810022595357 -0.5538894827339224
211 0.6327042045009869 0.4012933305667679 -0.39936048800539475 -0.5283561801185797
212 0.6328558369620242 0.406273450062648 -0.42326309275040763 -0.5052561011137311
213 0.6449268714092438 0.44443194146858045 -0.39742102605256124 -0.4781277109602438
214 0.6387269376652681 0.41632095889918147 -0.4099027867107357 -0.5006839958784263
215 0.6161623209645117 0.404609533378192 -0.4159042580229127 -0.5325962522225615
216 0.6041204931804018 0.42151789403567325 -0.4430576195414802 -0.510941327838565
217 0.6067175227625723 0.4110095256105641 -0.4467573656514364 -0.5131986688081092
218 0.6151188135452581 0.4117687361591301 -0.4362812379558665 -0.5115994864660084
219 0.6095924290554203 0.4443623031972174 -0.44207117810676916 -0.4852960822249337
220 0.6097540295004665 0.42267473394909255 -0.4398774953673981 -0.5060176695119577
221 0.5931845033824094 0.4095208755355739 -0.4465047317275007 -0.5301493393304324
222 0.5798232339273713 0.4122542725173492 -0.466575501965276 -0.5255080714461451
223 0.5789512402670264 0.41660750131404595 -0.4682859823413237 -0.5214996548270773
224 0.6014072377823931 0.4197011977199863 -0.44613360135333074 -0.5129571607053246
225 0.5874482756053059 0.4214750693553763 -0.45491173281295794 -0.5199217294452552
226 0.5801138216299435 0.43707455690009317 -0.4657878485989119 -0.5054458089272147
227 0.5822308732734558 0.4488734215002142 -0.4646880548930565 -0.4935431828296565
228 0.5936869273177848 0.45149441255148676 -0.44072215702452544 -0.4994523081079963
229 0.587997798204855 0.4353992902296607 -0.4509520229308828 -0.5112028172734328
230 0.5633857886514575 0.4362510730643074 -0.4548038582674621 -0.5342610830865804
231 0.5869786880355027 0.4380008802925604 -0.4504220112321882 -0.5106185077458639
232 0.5720617585269772 0.44553435924776574 -0.4613156775080794 -0.511304532393335
233 0.5923131977127871 0.4453399444664203 -0.44615157179734144 -0.5017830055518623
234 0.5776401602987056 0.437215186778545 -0.463596556987061 -0.510149936793126
235 0.5841762816495536 0.4549877123523138 -0.44791664098682277 -0.5010937400263463
236 0.5914642038401929 0.46445082615541294 -0.4532237303112751 -0.4785851814901647
237 0.585724425797198 0.43272148466418214 -0.4500776056684209 -0.5168260467607547
238 0.5815130046516518 0.4712688610529456 -0.4409679459545566 -0.4952732141591011
239 0.5865472514571615 0.4162442473578756 -0.4468313105665883 -0.5320195750598564
240 0.5729663463992358 0.44671102507928406 -0.46225924859716316 -0.5084045761526073
241 0.5749950622714217 0.43461138090080625 -0.46512313084581414 -0.5139592387603961
242 0.5739323196039965 0.4533218644217081 -0.4584147481259278 -0.5049325682225745
243 0.5740293378598484 0.44839758364106835 -0.4525475167603158 -0.514422658263715
244 0.5725041913983424 0.4167960775300511 -0.4526886994398888 -0.5418421559700903
245 0.5617068217469944 0.43256176507595634 -0.4756539742700177 -0.5207005497965225
246 0.5716101396587958 0.41778535298078884 -0.4623139968219296 -0.5338380048446368
247 0.5737374521149845 0.4405813029632339 -0.4583081062505374 -0.5163982293394035
248 0.5825674092255873 0.44330413689500214 -0.45206447365661495 -0.5096414107757848
249 0.5716440049373627 0.44242550071909187 -0.4592259512243367 -0.516327738606727
250 0.5718218211787034 0.4440987953402119 -0.46586266999850234 -0.5086924783237021
251 0.5761999989985982 0.44089531503613755 -0.4572245560185856 -0.5143448140176081
252 0.5866495964134574 0.45060209636451126 -0.4487847393734545 -0.5013903264776215
253 0.5872735041603319 0.43230936778457174 -0.44542080635296627 -0.5194408023103516
254 0.5786975034865723 0.41414561101514635 -0.4506013254050392 -0.5390278822830239
255 0.5953753506628482 0.38261190575530507 -0.4344257671075605 -0.5571450208611683
256 0.6454142711522256 0.24748326412181443 -0.35472403071952957 -0.6295739151225563
257 0.6157734615594319 0.11565375598044922 -0.31702182065767565 -0.7120002935347863
258 0.5976391279266909 0.23883136900111906 -0.3867802297209142 -0.6604453829417785
259 0.618957129798126 0.20586020541179437 -0.33824073478702044 -0.678311766542949
260 0.6626071440622742 0.12025585386319428 -0.2317751858116431 -0.7019761858434009
261 0.600947391560376 -0.005110405880075703 -0.187059928591361 -0.7770744490999019
262 0.63029783060588 -0.021088935897780912 -0.09733042640388007 -0.7699394064549883
263 0.6225240738699616 -0.04941626781002188 -0.10793598691983394 -0.7735448485095847
264 0.6504172807727515 -0.06463676821157 0.005021543108770275 -0.7568052808828373
265 0.6353366544741268 -0.08113803942462998 -0.046338571690158085 -0.7665616027519689
266 0.7231414518722775 0.07283544802070607 -0.10547764641183935 -0.6787016312070397
267 0.6661071696380373 -0.030448237433956235 -0.06622439469045134 -0.7422859778696158
268 0.7283339703492814 0.08417562596563925 -0.09882350397927059 -0.6728135006744471
269 0.6847407926190763 -0.0439046711549438 -0.02515575309375983 -0.7270279326549023
270 0.7403316035744743 0.009910415054596427 -0.014247263330451962 -0.6720177943402137
271 0.7191783288758326 -0.049150423829145924 0.027734151736088675 -0.6925298433571364
272 0.7344250775283948 0.021131167221553282 -0.01669935230472185 -0.6781551525291752
273 0.7494289585091355 -0.0030614571283816036 0.00657785519433017 -0.6620450101384391
274 0.7475426709783998 0.021237591574346466 -0.026931077207346502 -0.6633276994450429
275 0.7373138629333597 0.010703587932989887 0.001405759654147866 -0.6754640808891634
276 0.7601087523226444 0.01450138641590662 -0.001309884689706217 -0.6496327259587751
277 0.7685375735244073 0.03275647034106149 0.0069056264961952826 -0.6389282620566307
278 0.7467672493859921 -0.030003963280924535 0.04339127495222921 -0.6629899205040272
279 0.7662946937328039 0.022202636263358846 -0.008709007113640126 -0.6420464457459445
280 0.7412576543375664 -0.016857027539593162 0.0413487031465211 -0.6697336898025956
281 0.7447539163844188 -0.009363613867899204 0.023759243953842962 -0.6668503768403709
282 0.74852218100932 -0.02054797060712298 0.0265051525620375 -0.6622611285049446
283 0.7566232432622938 -0.02247482643730701 0.028141878126649204 -0.6528584721265134
284 0.7592917880526038 -0.0019466780067898014 0.019009883720706968 -0.6504696882726688
285 0.7661126501462312 0.004320613944180518 0.021575812040480945 -0.6423295290704434
286 0.7614369486238755 -0.006241818071402762 0.025168371448180116 -0.6477201294202394
287 0.7555746591743254 -0.01962746481114467 0.023898519034301933 -0.6543321464108701
288 0.7544343598366033 -0.007888701975210315 0.02306790610707176 -0.6559225844464546
289 0.7627605519698231 -0.012409695850473447 0.02722540575240969 -0.6459884806164939
290 0.755865158547933 -0.011979780807347224 0.027453068461848428 -0.6540417998699661
291 0.7465895682452532 -0.015445210120312086 0.025546221305801968 -0.6646148152491793
292 0.7681183129584389 -0.00016628448330648196 0.021381303555098704 -0.6399508336627409
293 0.7687711442520381 -0.01465676966613685 0.02910170625947246 -0.638693351743349
294 0.7698523952209794 -0.013697263136009837 0.03487483998930325 -0.6371211973328345
295 0.7647450158352721 -0.01244891526051714 0.026846344099568594 -0.6436531356813493
296 0.7702264046919332 -0.001396992556862522 0.0315977943787599 -0.6369858030737671
297 0.761315494028006 -0.02507357338956892 0.03956072868676872 -0.646687701457313
298 0.7658226984693361 0.0005739949756219542 0.02822380106908164 -0.6424318501538705
299 0.7556250847260391 -0.023620503952749238 0.0294365938123467 -0.6539161185278365
300 0.7554884586589272 -0.002773709744904985 0.025707931759692656 -0.6546515085234649
301 0.7562722132013748 -0.017975417449996547 0.042408513839775626 -0.652633696541095
302 0.7604938064646363 -0.011830852256937191 0.02776947238138035 -0.6486432437538084
303 0.7649234459534872 -0.01358228112352934 0.03867483099047323 -0.6428156041338622
304 0.7670467679210464 0.005651183077343331 0.0178716159802299 -0.6413173358751172
305 0.7660963940180539 0.011683982409581526 0.022336134682752754 -0.6422311863457124
306 0.7733521641662051 -0.0028754211230253967 0.031053254624336557 -0.633209173583302
307 0.7867975972173018 -0.005454598686035741 0.03426584467048477 -0.6162350527641812
308 0.77357916036927 0.015752435453963806 0.032260648888134694 -0.6326819058207375
309 0.7528225767821556 -0.006806982932544511 0.03221786765606826 -0.657399301698844
310 0.7656100111510844 -0.00232408406221664 0.03618174872327377 -0.6422824849844763
311 0.7751929685790767 0.002556641784824148 0.03181965907601891 -0.6309174544618562
312 0.7671033551651897 -0.011682680189864233 0.03136982538357056 -0.6406495856029992
313 0.7604000520520466 -0.002554354293687903 0.033372058297228724 -0.6485919686816924
314 0.7643290929569871 -0.017420147255059977 0.03787694506396779 -0.6434772048501661
315 0.7750374772565307 -0.005660181866731323 0.03952708398414433 -0.6306524247323392
316 0.7611105756328966 -0.016397052518270373 0.04485022679623036 -0.6468618751208024
317 0.7663313703244942 0.0025434668917245122 0.033558518320098325 -0.6415633931895688
318 0.7739904655955807 -0.00436916502349811 0.03108950558008015 -0.6324184628921896
319 0.7607028007775527 -0.005321512510425602 0.032458943797749135 -0.6482664169624421
320 0.7672237618839782 -0.013240456178374587 0.031005635623283602 -0.6404928103268461
321 0.7655685651830707 -0.007248183384202875 0.038280477155836816 -0.6421735286586367
322 0.7624218095285005 -0.007048614947030761 0.04140861798665883 -0.6457155935387113
323 0.7776420521084377 -0.010738643003098727 0.0314125065724599 -0.6278302117371103
324 0.781886647477636 0.009121934964675294 0.007534334460810595 -0.6233083463286175
325 0.7616038095405983 0.20442830365208048 -0.1840683831947022 -0.5867602033772136
326 0.7179527977887873 0.08906550392827613 -0.11114321504760653 -0.6813650283850327
327 0.7109157613045223 0.15591886451684314 -0.17716282336189185 -0.6624963562428344
328 0.7075338235340018 0.1126069184375008 -0.15564737048381264 -0.6800657810365413
329 0.7422741234836633 0.2382777176344754 -0.2222515370726688 -0.585540014989839
330 0.7085503832379663 0.3292958477267288 -0.2907919582927038 -0.5522324112867342
331 0.7028167973316636 0.394739880545518 -0.3169901146334941 -0.49974617889486456
332 0.7496454330425919 0.2837456758257837 -0.2253530778082834 -0.5538376174393429
333 0.7662565980006476 0.31140746288317633 -0.2185010575667238 -0.5178160927620541
334 0.7417941440761161 0.2770591364699699 -0.2276847590087464 -0.566691567987407
335 0.742477929707991 0.30156915497216474 -0.24514524810759225 -0.5456064295773806
336 0.7397625896623515 0.3248520975158653 -0.24766226313913958 -0.5346829238832989
337 0.7298243650792773 0.31623603415151197 -0.2606702769552663 -0.5471765469689085
338 0.7278176232534121 0.3682669231155832 -0.27044360777671544 -0.5113914700436931
339 0.7161449379043434 0.3767366859240816 -0.28027930230215764 -0.516381070619305
340 0.7082834139081103 0.37455110821309856 -0.29943915695630624 -0.5180562365229365
341 0.7164388347436986 0.4072341317246205 -0.2887160213480351 -0.48735902274047077
342 0.7027011797305154 0.40514505773334464 -0.30630295786286343 -0.4982439484871319
343 0.7206808517694618 0.41306256655697804 -0.28827407617120565 -0.4763365228594622
344 0.6687083261702241 0.36509252416091925 -0.33774877989234664 -0.5526865160230136
345 0.6417625262868041 0.3857159304111686 -0.3953159919223181 -0.5320614131954126
346 0.6777928139795264 0.39890493650728237 -0.3138791323968517 -0.5319319911357425
347 0.6651832656536535 0.41584933703001725 -0.35442998992792435 -0.5089007115594628
348 0.6901039944477553 0.4096869139644544 -0.31726444794762154 -0.505229036618072
349 0.6659766306311805 0.4025865348637734 -0.35919440348164394 -0.515149094832735
350 0.6753921677329332 0.4477805051830004 -0.3410294440185234 -0.4764839527785622
351 0.6708960563816424 0.45397325925797966 -0.35136403721854853 -0.46941460859215883
352 0.6477300400972388 0.3915553705832607 -0.36677773158151045 -0.5409290919695078
353 0.664113909833072 0.4351786971781938 -0.3614182210534054 -0.48882418698251023
354 0.6414418504295901 0.3628840832646228 -0.3724563580395801 -0.5640423352786117
355 0.6694816010376927 0.4310738846995765 -0.36260420587839515 -0.4842394879409592
356 0.6498751633705473 0.4297706414574331 -0.3651645830786354 -0.509523596156623
357 0.6588064697013609 0.40218553679546076 -0.3779815996909642 -0.5112247448698435
358 0.6531899687196903 0.40042589482645996 -0.37467644936393263 -0.5221297978553182
359 0.6755265570645158 0.4223436427680653 -0.36246140757413053 -0.4836439249420409
360 0.661954246963756 0.40153632924057964 -0.3599813507515609 -0.520575237922175
361 0.6355858204760675 0.3767548654290011 -0.39950305167387956 -0.5426635678655763
362 0.6548629411225241 0.38468815140806867 -0.3719688966931559 -0.5336747084165377
363 0.6568073357315518 0.3739330011334337 -0.3846627108619036 -0.5299177608506206
364 0.7429102477956214 0.40042901829065447 -0.27982098158383284 -0.4576474443242215
365 0.7121814906747527 0.410943203766459 -0.3288845189148262 -0.46449777269283987
366 0.6843500554296389 0.41458475131836153 -0.3439636344968675 -0.4913995357664149
367 0.6557655952230643 0.3604952012620463 -0.366871947345805 -0.5526478700216566
368 0.6416439402951347 0.3613622691398741 -0.4265999141808588 -0.5250932084358915
369 0.6000199567290271 0.34999665022725657 -0.45979220555483935 -0.5532355050677895
370 0.6469036876717156 0.33901394365801196 -0.37815920614651816 -0.5688416121283786
371 0.659788727877965 0.3624093013071387 -0.3851814883693337 -0.53382914299318
372 0.6528702067275842 0.3403890691068483 -0.40343233462038747 -0.5432661651371253
373 0.5831868099264319 0.37452886446321265 -0.47667360292915917 -0.5407435165420502
374 0.5174779230946333 0.40253095617832935 -0.5266451470359013 -0.5411379838186917
375 0.4732237837082818 0.37890777851992863 -0.560147310743436 -0.5645556980288187
376 0.550091086149184 0.5122893246851503 -0.4871346888214073 -0.4445888434269514
377 0.5691329422326258 0.5272038532830761 -0.46523367051816267 -0.42626449883295375
378 0.5581304317839452 0.4769187038769983 -0.4762500692098392 -0.4839678115190866
379 0.5982796419948148 0.5294042709589947 -0.4279992004030279 -0.4226219023184915
380 0.6149751897131626 0.43266141690289783 -0.4163043677323568 -0.5111753982419333
381 0.57334190444621 0.5420193660385315 -0.4565106310141246 -0.41120811180747313
382 0.5892898297358536 0.5256411413555419 -0.43276893520325643 -0.43491371076038937
383 0.5321773224229086 0.4911067731648672 -0.5079309771635347 -0.4664842519186173
384 0.5366240917774164 0.43679705666865665 -0.49760252605442634 -0.523100985923287
385 0.5344866357288466 0.46869203828628775 -0.4958365433814617 -0.49879648326930714
386 0.5275212490609741 0.4559214096075459 -0.5140711702655744 -0.4995876619297168
387 0.533154922086616 0.4750330422042084 -0.49452152554284506 -0.49551780860409694
388 0.5536620507688247 0.4583418765341673 -0.4661780507682225 -0.5158091534041812
389 0.5549039110522769 0.47619228928600593 -0.4631542130182339 -0.5008100718704647
390 0.5524032928550554 0.4939905448494818 -0.4761279182521517 -0.47341963320407005
391 0.5594599665558326 0.4783489175894868 -0.46456343914162157 -0.492308510870188
392 0.550173528838952 0.4938269379352999 -0.4740690402808872 -0.4782285944833273
393 0.5783290096880868 0.5099574679372607 -0.4389566482267422 -0.46129816651029354
394 0.5544660447189371 0.5231479010178897 -0.472698609898485 -0.44208562871275725
395 0.5620491934640931 0.49412148984756005 -0.4524689435220504 -0.48499124996769766
396 0.5442305939971441 0.4097612369877969 -0.47953018137351494 -0.5531361445174507
397 0.5301694641021253 0.44573345793737695 -0.5218516469357583 -0.49790850806075865
398 0.554943907569626 0.47566700868106787 -0.4744249113440911 -0.4906110066028999
399 0.5673217342270268 0.47567206190894173 -0.47215703092906103 -0.4784870714420489
400 0.5647895791135578 0.47910992469677677 -0.46280698774376483 -0.48710995009065644
401 0.5573616219185963 0.46501238090804536 -0.4681397803765221 -0.5039411216040267
402 0.5540612937292493 0.43104013859631035 -0.47918770326687543 -0.5268772406811295
403 0.5563433643147938 0.4404728201791264 -0.4857136756994101 -0.5104390080165424
404 0.5448303080623887 0.4263922893233243 -0.4906655753967363 -0.5297139267027503
405 0.5420068256167596 0.4288428225160997 -0.49531325546017746 -0.5262957472056081
406 0.5574080976277191 0.3803675560294058 -0.46097357243425413 -0.5762986209739402
407 0.6007345074660843 0.19259385264014312 -0.3734484533545216 -0.6801190426328495
408 0.5421296029912764 0.24069653870828958 -0.4333091184691529 -0.678530675552591
409 0.5782656906834135 0.1319530078718463 -0.3463557270866537 -0.7267977056969034
410 0.5495361139929736 0.1640705994171207 -0.40795428925118915 -0.7103972098100929
411 0.5831958648816579 0.16539700789530248 -0.34638826273228074 -0.7159200963833385
412 0.6092034006283741 0.09101869351814873 -0.27191029683629653 -0.739358914579023
413 0.6268251862997493 0.08149690710246721 -0.2303393300872907 -0.7398596035518864
414 0.6772376726241385 0.18204396845007192 -0.2499124855264277 -0.6676472705760074
415 0.687866210628974 0.12077641799247975 -0.16645134743696322 -0.6960941617829164
416 0.6941373705901444 0.0969162920958827 -0.13285466207741553 -0.7008068077871974
417 0.5145811266341884 -0.3384459616492046 0.2997976217445264 -0.7285478578319755
418 0.12142359528254741 -0.5708418459965023 0.6231492636747126 -0.5206542927409984
419 -0.7337739107564244 -0.2601929784372577 0.438331345042981 0.4491559793857617
420 -0.6136499456501454 0.10547898230643139 0.004921192691681406 0.7824855975400853
421 -0.5908440095595774 0.2020089650074551 -0.3235225476986524 0.7109352259909142
422 -0.3735516697754164 0.5084853138639877 -0.6585427575483479 0.4101503042462092
423 0.35857228277907965 0.589160087232078 -0.6496174674850874 -0.31986474574974877
424 0.7252664117913851 -0.11317203364129617 0.10349339026486454 -0.6711705006183056
425 0.6487881838111662 -0.2311096289493694 0.25123924179745494 -0.6801037239531431
426 0.7230834892714345 -0.13135340563992845 0.10354598701890856 -0.6702050275416618
427 0.7367511558052339 -0.06166068201795893 0.05872710462152304 -0.6707807554600124
428 0.7117447388516089 -0.10290102364450579 0.10980013757471223 -0.6861302615673952
429 0.758783334164108 -0.08904391794507478 0.10694810854841486 -0.6363027066968259
430 0.7548073350385018 -0.09819160898233725 0.08681513632615989 -0.6427187775397608
431 0.7734994911704486 -0.06989348666923169 0.08077697838205698 -0.6247307559611099
432 0.7471951854461537 -0.08351186409688158 0.01891064873936295 -0.659065634641504
433 0.6999637247030085 -0.03476699506770717 -0.05381638431457884 -0.7112986974071852
434 0.7173338740173123 0.03991265926524205 -0.09383950058916529 -0.6892265527001027
435 0.6744502796014891 -0.0798840699028224 -0.05302951597821278 -0.732067774291664
436 0.6978253578055402 0.04268888713473982 -0.0874646742067154 -0.7096248020501258
437 0.7019611761503738 -0.03947535804906444 -0.04110850508419155 -0.7099311896896946
438 0.7388547744487132 0.00966482293806681 -0.05149665875121473 -0.6718246107499919
439 0.7198974032464763 -0.03197270737250586 -0.058907348751263154 -0.6908367383436911
440 0.7255583658749704 -0.0002967512108957295 -0.058283230593711585 -0.6856880009735635
441 0.7151328549572014 -0.021736086442090165 -0.0605089379465284 -0.6960252946089873
442 0.7153549969991762 -0.03069691096251032 -0.03129899837615055 -0.6973846145609454
443 0.7006120115193795 0.011304848290515843 -0.09610086158805248 -0.7069509418070898
444 0.5310306267926875 -0.01303364538284331 -0.1630165629480632 -0.8314217928950381
445 0.18824165212632238 -0.2471930505280325 0.6816776737067892 0.6624018609160895
446 -0.14550355661524703 0.12068245597383112 0.07815368225009471 0.9788546683666525
447 -0.45194099706748825 0.04845057558013191 0.2305370274967029 0.8603804715639372
448 -0.7524563233167858 0.07470753107498249 -0.07433235641113886 0.6501561097856674
449 -0.7363891561739253 0.029532943140222773 0.056853351584119666 0.6735180118991496
450 -0.7223816235512793 0.008071088627610206 0.015030922095429694 0.6912841086447337
451 -0.6981699098360113 0.030006728348788064 0.0317448694293877 0.7145982343375115
452 -0.7611411956703842 -0.0038365318354937083 -0.014516030915284469 0.6484124043565173
453 -0.7487267696773995 -0.018005782039099 0.006078156284805447 0.6626062723803514
454 -0.7037625526678523 0.09197891893246676 0.0018361532387778403 0.7044535303877232
455 -0.7845036506820693 -0.06384999807164478 -0.023784663035808926 0.6163696047154091
456 -0.7131570708759617 0.027809855045096088 0.060596837146014264 0.6978263591681592
457 -0.7384443414719369 0.020872779704896025 0.0029667259748768367 0.673984777389266
458 -0.8116104348453221 -0.017692495394234332 0.008930063213424783 0.5838627678041443
459 -0.7565639541235009 0.02969074826184758 0.003331726497226244 0.6532368195281192
460 -0.8443609436504265 -0.05693929813056709 0.016608353853398487 0.532481620103868
461 -0.8483184633364971 0.08844679861935828 -0.09759907797078159 0.5128424402832165
462 -0.642531829414193 0.37827845222824813 -0.3309686253631115 0.5783753364336207
463 -0.0833254819830458 0.7130192916223079 -0.6304060436102259 0.2953786959251082
464 0.8764555854591655 -0.0018788309664891458 -0.13939523724185723 -0.4608590289295817
465 -0.06310381363429321 -0.7767331474470957 0.5912574492643528 -0.20764911521879384
466 -0.6459549600602036 0.3800578335251259 -0.26124164221779406 0.6083182038383846
467 0.18247545962264788 0.6008728785759014 -0.5513107305576614 0.5492822305512814
468 0.7134275175533399 -0.05154122424655143 -0.6260069203222224 -0.3106123228552475
469 0.6558088768727687 -0.5003876573489926 0.345907145836245 -0.4470739937047196
470 0.5699695874213062 -0.4135916784261783 0.30961869554253585 -0.638915374929999
471 0.6145000517337428 -0.5070588261019454 0.3950606327247944 -0.45739275219709113
472 0.5579554544975377 -0.4585160000346311 0.34110463967348204 -0.6017444750904758
473 0.5811662707127357 -0.5030782143536394 0.42666074242592467 -0.47656970833359064
474 0.5600305232448654 -0.5093526151555589 0.4226851622198653 -0.4982599523415881
475 0.5865664676126114 -0.4911926318116028 0.4010039466306054 -0.503850585305935
476 0.5385605345957182 -0.5072983987340379 0.44959258488700626 -0.5004671745803869
477 0.5388118215188568 -0.5708761475900404 0.4446937727865553 -0.4313115968173657
478 0.5352837130745065 -0.5276585778883639 0.44892962817351245 -0.48322868359193116
479 0.5171930857022973 -0.5569623071295476 0.4620077795055059 -0.4570044991190563
480 0.5220470261759683 -0.5455908780830401 0.4490986737160202 -0.4776064043539584
481 0.4976707469882786 -0.5580968997467854 0.4516251629247865 -0.48670975981411657
482 0.5055983204343288 -0.5599286937921553 0.4508055141071944 -0.4771001830776685
483 0.4960556483021902 -0.5752171097949671 0.44615841117984245 -0.47328294129420845
484 0.4926305678046599 -0.5745823460604874 0.45596862127019405 -0.46825513096712895
485 0.5117670970784742 -0.5670204986979732 0.4575426434580762 -0.45523282155570555
486 0.49291479350396 -0.5693905684749464 0.47644852591204606 -0.45368071265259236
487 0.5141832511891767 -0.583550269793528 0.4571006980088594 -0.43144364487177483
488 0.48940475048260373 -0.586387122788059 0.4680254143268514 -0.44450572997159554
489 0.49292760099930366 -0.576576307406814 0.4791991361359367 -0.4415317993494542
490 0.4691702732156608 -0.5787482790958807 0.4921611273281628 -0.450230062214165
491 0.506899853621814 -0.5804291473237356 0.4728989477509724 -0.4272249156489446
492 0.47389289780918736 -0.5827156657195554 0.48945074079174006 -0.44306426923127445
493 0.4908745967429255 -0.5893551565707631 0.4779036979072518 -0.42814797117643316
494 0.48767358183064663 -0.5902214092640333 0.47685172095731115 -0.4317703114514668
495 0.48243273220694494 -0.5771424381370697 0.4873291043898209 -0.4434812386236376
496 0.4653822185751966 -0.578219626785157 0.5044388610480826 -0.44116084288950086
497 0.4814448019621257 -0.5874776136261651 0.49007034142928363 -0.42768214435856605
498 0.48129788712533617 -0.5858212268931562 0.4865707552565332 -0.4340676607387048
499 0.48172343528777517 -0.5765857891666636 0.49014689864441907 -0.4418680542592526
500 0.4798525153235149 -0.5828852728058522 0.49428402622593387 -0.4308939819742478
501 0.4576451251863855 -0.5862504022932246 0.5113549971395007 -0.4305664549226184
502 0.4604428987480003 -0.5835182714170042 0.5089608877877408 -0.43411701028336225
503 0.48731263343306663 -0.5879870892915666 0.48149082395042075 -0.43007460582381024
504 0.4837736505421703 -0.589679670096745 0.47780995400932996 -0.43581944606143713
505 0.4648916000435581 -0.5769722367506297 0.5066240662588776 -0.4408070935400611
506 0.463352199286931 -0.5829869011472655 0.506100037960889 -0.4350790319960954
507 0.46115934368613076 -0.5868289318455325 0.5069819788566251 -0.43119964934427873
508 0.45854007376168304 -0.5846887594766164 0.5074253880981593 -0.4363479469526104
509 0.4689652315394299 -0.5837419962231274 0.4960245498682752 -0.43963227745535477
510 0.4692786317997867 -0.5818533106272439 0.49870752730332873 -0.43876541894187127
511 0.4656252659470117 -0.5986855782359382 0.4884566222389598 -0.43148443577373813
512 0.45767590434441086 -0.5867245494875523 0.5044734764667657 -0.4379424404561518
513 0.46924736352515 -0.5905599738494434 0.4949137045281947 -0.4314003409616399
514 0.4548138106016315 -0.5952285132449254 0.5063584577426417 -0.4271399384028053
515 0.46181364251716256 -0.5951077580735658 0.4988733898786111 -0.4286026793391614
516 0.461999433768772 -0.59614239341538 0.49968587115874435 -0.42601032867131644
517 0.4535168254919073 -0.5910234689498292 0.501958503344347 -0.4393761589646809
518 0.4480406588005913 -0.5882061283520587 0.5132259679092597 -0.4357433011466924
519 0.4589148759060194 -0.6023592450233519 0.5018508058246197 -0.4179787617813135
520 0.47782202038950483 -0.5984600994798237 0.48508147747602853 -0.4221700917535069
521 0.45783746276011633 -0.5899195409762878 0.5031603927074166 -0.4349820824795237
522 0.4598410258201955 -0.5860477262019747 0.5050544002256737 -0.4359063504914909
523 0.4755179747067332 -0.591206636348397 0.48731958644862444 -0.43229271279072284
524 0.48712244425650364 -0.563692597970031 0.4819607363861909 -0.46116832922203915
525 0.5530262693502745 -0.5192838882662194 0.40372130128514094 -0.5113856662874573
526 0.6601171812196182 -0.3214557823797152 0.20607455178282635 -0.6468730680286653
527 0.7895939672366906 -0.16937087562104153 -0.0003141442339718738 -0.5897921453429045
528 0.8360760005119292 0.29299744388675786 -0.22725296725298066 -0.404333412072906
529 -0.7055583360759934 0.367086135564282 -0.22375424706289676 0.5633553411404504
530 -0.8911874746406232 -0.3110481149881307 0.22965898574845903 0.23725662366093903
531 0.5894449556474796 -0.6859388584440813 0.17565172407097562 -0.3888302953334082
532 0.8259289763470156 -0.1222621480394614 0.06906568716080319 -0.546006615384973
533 0.8317183496743119 -0.13890842379429308 0.10239678334918297 -0.5276968214550516
534 0.7300893226271128 0.6401835780642895 -0.23234105758525453 -0.05614445941366912
535 0.1011346887880511 0.855216662079456 -0.2578090270753886 0.4380761819408344
536 -0.8640736011947948 -0.03666897604545389 0.07844171059536935 0.4958619726828313
537 -0.9104155965587613 -0.17227920898691995 0.0779253851589043 0.3679550924246493
538 -0.9054613434560036 -0.13652850591461135 0.07484700792264742 0.3948387620087472
539 -0.7630885335782458 -0.48094100354340835 0.31404989093846053 0.2962504127146541
540 -0.0279691101205087 -0.8616321741523763 0.48977101269648854 -0.1301233279115328
541 0.742910055555192 -0.3840499288808655 0.19995808053867895 -0.5104968829570569
542 0.8136143009172379 0.0567869186945797 -0.05296252885421982 -0.5761961347887502
543 0.7651494339600359 0.010127188204170745 -0.03226938032258275 -0.6429638176937412
544 0.7918985926069682 0.006006209191221116 -0.02680168210268745 -0.6100346009159816
545 0.811115379913947 0.0009081966297792997 0.009660470682813019 -0.5848056864909247
546 0.7891137755139762 -0.01670398034481809 0.006931470418271142 -0.6139807660281865
547 0.8105625406874308 0.015196453665149684 0.001643626940204551 -0.5854525889607299
548 0.7890792258341693 -0.043075637481645994 0.03216346279761698 -0.6119346178092593
549 0.8087093376152479 -0.0011876684070259535 0.013134270631220836 -0.5880606156108804
550 0.786603253634693 -0.0429358362839029 0.039327548491274344 -0.6147073932071936
551 0.7764047448232732 -0.041996211076143146 0.03597961249354015 -0.6278036778770658
552 0.7856702135061366 -0.030733648828315186 0.025329359343885284 -0.617362277754438
553 0.7671017515157047 -0.030708420335733153 0.017037752836638175 -0.6405635102941
554 0.7817739260436488 -0.03470585427904823 0.02989164895402669 -0.6218774168273601
555 0.7681374129475337 -0.052569501833466974 0.028311401916185922 -0.6374949621987546
556 0.7743389515451514 -0.05419365242872427 0.021989578306001473 -0.6300624529380516
557 0.7339142325154994 -0.08407329642835998 0.026550385255883834 -0.6734958479319816
558 0.7187638815187476 -0.03803315970901371 0.0016172586931928062 -0.6942113121096284
559 0.7729835410150434 -0.03746239892538998 0.024488610181476484 -0.6328454171106712
560 0.7798715619114727 -0.05406363403819606 0.04568753801338635 -0.6219245285937994
561 0.7797125401261308 -0.055993724924938114 0.04956606660613381 -0.6216560645407423
562 0.7426272034573582 -0.07926891810572698 0.03855140327927783 -0.6638788026535035
563 0.758073701478385 -0.07339471853151457 0.046934467815268624 -0.6463239390193106
564 0.7567523448234778 -0.079285147784125 0.039733380518345456 -0.6476580983957523
565 0.7732056892909214 -0.1189296136775209 0.09568962596440736 -0.6155097111512202
566 0.7549127037343477 -0.1032818018286193 0.07899413680077429 -0.6428060403439214
567 0.6939777826025721 -0.25898200985001046 0.21596575491291234 -0.6361461691568707
568 0.5181668606869865 -0.4692863629031342 0.4875124436196661 -0.5230726827075972
569 -0.249341950765566 -0.5424186466774764 0.7834859435474646 0.1725119694065788
570 -0.7261306207860129 0.2762114746959282 -0.271349489934044 0.5681645862914675
571 -0.5708250047719368 0.5060250085314674 -0.46296247233970067 0.45140143317557013
572 -0.313444389500826 0.6604859933933255 -0.6376036819976972 0.24284236023533037
573 -0.21132502849020435 0.7778514765667811 -0.5909819275743036 0.03208074215247542
574 0.31096723872141324 0.7113970464310033 -0.5815279041412917 -0.2429792490651434
575 0.7881399553141538 -0.09792993266141568 0.1483072501689851 -0.5892793044674558
576 0.6147098062523421 -0.43701155315525203 0.4201561221799634 -0.5046004255851733
577 0.6021245917221405 -0.44453803199837577 0.42816632405947475 -0.506463733244399
578 0.608958209013325 -0.467343453991857 0.41872424817038123 -0.485211293850827
579 0.6027757050914765 -0.4693826265899622 0.42567749977274244 -0.4849124306451717
580 0.5925991424047979 -0.4802546832360197 0.47416666948523883 -0.43971316241414077
581 0.39170556324171846 -0.6345295435042412 0.6055437629088611 -0.27794920641722376
582 0.34450544975816844 -0.7303553530727308 0.5281621342794403 -0.2625677307635409
583 0.5184908326153028 -0.544645934596463 0.5101899005053344 -0.4174138567941802
584 0.5282165854552039 -0.5422178764698369 0.5213845035557356 -0.39388477088931106
585 0.5526072382998968 -0.5333188608563786 0.5006662146678085 -0.3994115350407695
586 0.5207242022164877 -0.5545549942590671 0.5046305967260087 -0.4082438296120112
587 0.5237761392703025 -0.5689556481814512 0.4934132320790824 -0.3981097948340318
588 0.4827444960312258 -0.5861961401355371 0.519213682836884 -0.3921083885824369
589 0.49634226227355366 -0.5671562199767083 0.5186834964355548 -0.4036652218711571
590 0.5002118440948913 -0.5590620129985603 0.5194921203907071 -0.40910354862938153
591 0.5167589075013224 -0.5880520987110481 0.47767703959020263 -0.3987224681001955
592 0.49333517475556316 -0.5912855814615513 0.49643079065449913 -0.4006971881542496
593 0.5100839023901372 -0.5860144030834262 0.4843163276339388 -0.4022924641208184
594 0.505826130945224 -0.5906187964491962 0.48415796657623966 -0.4011239533294524
595 0.5177422909344015 -0.584576031215623 0.4766094512050631 -0.40380343600345603
596 0.504396940951 -0.5771788143294362 0.4930722586660025 -0.4114949452697402
597 0.5015313475995997 -0.5750207472752865 0.49971371226879635 -0.41000445527876783
598 0.49690009353093956 -0.5737393698056089 0.5030245502198741 -0.413376020664116
599 0.5087566415148786 -0.5820574965416518 0.48542332097953167 -0.40833803384373707
600 0.5050365371079955 -0.5781479742018801 0.4957078629434295 -0.40614865594789873
601 0.503878561963235 -0.5807817084030154 0.4902974139986754 -0.4103747650679177
602 0.5025942006429559 -0.5769244973594385 0.49627536695287794 -0.41020477079431156
603 0.4803852908062271 -0.5898443659594444 0.5060410440051916 -0.4064923838217064
604 0.5093810369618365 -0.5921077991739997 0.48512651986575794 -0.39318134882512573
605 0.4942573558112027 -0.592686958960416 0.4933065689361584 -0.4013483075200488
606 0.5107526923002029 -0.5764076417785435 0.4855525368130362 -0.41367215497519016
607 0.5028076475386977 -0.5818685805706385 0.4887649062128345 -0.4119736532547563
608 0.5176583891393552 -0.5552825249808693 0.48476932399950473 -0.4343844059281839
609 0.5866740242775811 -0.5164248351756863 0.42503848036964914 -0.45657558964181705
610 0.7111609146940058 -0.3318312309048418 0.2562806185919929 -0.5643212136202822
611 0.6414760670793983 -0.3881449036198696 0.3365077134616077 -0.5697495484325635
612 0.768443815436247 0.058426536359974954 -0.0834258989633393 -0.6317598924820399
613 0.8628556336306265 0.18131271485353417 -0.22032553882177824 -0.41720799595312674
614 -0.5666260441387542 0.6854877956343297 -0.2167252026083422 0.4025811653498298
615 -0.8385515220074501 0.032022155415509256 -0.018815071663041603 0.5435548910458341
616 0.11912722935389142 -0.8515633223891805 0.5049722276533495 0.07517752647420284
617 0.6695094596647313 -0.6319164320560389 0.3835159678703277 -0.07317245865413287
618 0.7622781695155495 -0.26917987753243705 0.23824942669543228 -0.538248452381373
619 0.6891680531562244 -0.04218669348540547 0.1308296657276113 -0.7114430939767631
620 0.7280085347770041 -0.19156477174889794 0.2123772021302215 -0.6230589342365387
621 0.8950898225878856 -0.17903854267141708 0.12237346037303876 -0.38959484844388165
622 0.8608774165271788 0.0024952675451487554 -0.025884503141472066 -0.5081474587661416
623 0.5331781585494403 0.5949432721447809 -0.5066284253731868 -0.3241777178946361
624 -0.823349125673052 0.0474725218755476 -0.02344852746362175 0.5650599468020931
625 -0.6952196645097998 -0.5345855989512001 0.421337680936867 0.231003060792733
626 -0.26929208466158816 -0.7246321359055162 0.39743637152051703 -0.49440304544392843
627 0.03353611739631734 -0.684039325831207 -0.2889286214612886 -0.6689437803334802
628 -0.16214920887196835 -0.21146755301483536 -0.2692960745276264 -0.9254559591510142
629 0.09333154498434057 -0.13168339399141682 -0.12053197983179019 -0.9795002543621754
630 0.6917685832166277 -0.03292358752518211 -0.03620029320686352 -0.720459439129413
631 0.7505867450694828 -0.0365770872377451 0.004857389528155037 -0.659740904129927
632 0.7707920629120426 -0.009806901566552109 -0.015141672997531615 -0.6368313357336441
633 0.713731282128284 -0.018143835397361977 -0.023360700166233435 -0.6997947812297065
634 0.779100054534019 -0.016665914013451848 -0.00027480573151128794 -0.6266779689896518
635 0.7893894196541787 -0.027129974560075397 0.010209737929435466 -0.6132080151708885
636 0.7840139129891598 0.004994521219713899 -0.020904357632520035 -0.6203710557635517
637 0.7564912906832011 -0.03794432086730728 0.003246867406807347 -0.6528940292929826
638 0.7491651368305486 -0.024854137832799286 -0.004068909028058101 -0.6619043084688112
639 0.785509093647144 -0.02107701118489068 0.00225923835610565 -0.6184869596355322
640 0.7857432975463439 -0.02321071649019009 0.006408601185820857 -0.6180838639148014
641 0.7674105293121665 -0.02850241872983745 -0.009176873683586639 -0.6404564595792325
642 0.7664818830318598 -0.012191200779099284 -0.011839132406868527 -0.6420410676517125
643 0.7839182352788105 -0.02891618625053034 0.003989519576521521 -0.6201775054801879
644 0.7980576496632508 -0.032067677160546315 0.008460984061802556 -0.601667735252773
645 0.7452393304591342 -0.04388146516186622 0.0012415813209708266 -0.6653504458763764
646 0.7692461772939658 -0.025127731311809745 0.004130263922304305 -0.6384448737030269
647 0.7836606889519112 -0.05671180369164282 0.02915759793027851 -0.6179073801116093
648 0.7821348958633886 -0.039695268947234914 0.009433778911566356 -0.6217718987791429
649 0.7543592481946282 -0.0367130961158232 0.00011346315671712737 -0.6554344058431307
650 0.8070689035526561 -0.025738895571706274 0.025145726277195912 -0.5893598108312567
651 0.9010243318421051 0.01196163725585803 0.050034727487956544 -0.43070709154581305
652 0.9095497098224119 -0.012211846824090574 0.07534797227912224 -0.4085252491983033
653 0.885904067732663 0.017332286725075908 0.02645473930302268 -0.462789067913245
654 0.8161212563999204 0.008823247652455367 -0.003702131765169604 -0.5778014705532273
655 0.7504149305074866 -0.08528759225196555 0.05011121106676013 -0.6535230104630816
656 0.8048333368725739 -0.05737625730527935 0.03490789350405175 -0.5896886499902353
657 0.8482459259838117 -0.010657349572221088 0.027731441944596955 -0.5287686044761308
658 0.7833196452832734 -0.05514206438949418 0.007464561416519591 -0.6191235469363207
659 0.7761106257960967 -0.054649174262285494 0.07762102554621841 -0.6234105715112593
660 0.7452472117373813 -0.10848452996226647 0.05654272887686188 -0.6554697704453519
661 0.7850235836218582 -0.06668132946954318 0.03528764691488234 -0.6148547433604787
662 0.836986914071022 0.0018409800093884396 0.0410708140803947 -0.5456763735926692
663 0.7972838125542429 -0.05407110844781687 0.016851035949589255 -0.6009416611099792
664 0.7613777694604428 -0.08427308951336272 0.018541528645286052 -0.6425403880463931
665 0.7472630584558156 -0.0609896811941823 -0.005004466171152732 -0.6617047193223228
666 0.774218932943637 -0.05359787169214615 0.04121943656449934 -0.6292958525773023
667 0.79828725398433 -0.07018988107022595 0.0630054877324066 -0.594845483497275
668 0.7912987553021587 -0.015451222750388835 -0.024627450509059692 -0.6107381011973924
669 0.8463551946004083 -0.005799399328218833 0.026392425579268717 -0.5319329764287788
670 0.8705740060320797 -0.07079533051064055 0.09534023126872287 -0.477492577430029
671 0.900697107795601 -0.027045932051928838 0.07853562120008899 -0.42643334036024677
672 0.871416908765399 -0.020821118341068746 0.07824517465673919 -0.48381478356052726
673 0.7921972786936408 -0.10502605831337017 0.0953773080831327 -0.5935454218578069
674 0.7744019615118652 -0.08730547786589811 0.10393329918113044 -0.6179621548788471
675 0.764892223318453 -0.11687188428934532 0.10701111654122326 -0.6243632518864419
676 0.7664714290186906 -0.08853750004668594 0.08061354889389752 -0.6310183161511722
677 0.5545949056536218 -0.32481977355182734 0.30451998545068 -0.702982349560718
678 0.22573301139303711 -0.5397810913792862 0.5931214835453181 -0.5530713215434503
679 -0.8175801932198591 -0.3937058307130936 0.41822847771829413 0.04053747577895453
680 -0.5489199647678399 0.4533386068211369 -0.3908208067766338 0.5834638607790589
681 -0.21376283332895182 0.5039157358790924 -0.7401160514314381 0.3906438437171999
682 -0.03387571056700394 0.4252966875575545 -0.8115559977470346 0.39918921116053163
683 0.2837913714622487 0.4370694201883637 -0.819653862731343 0.23790822753610782
684 0.48377569595893305 0.30014534765780415 -0.8198454536986464 0.06105144001976134
685 0.8283061292622472 -0.3424966587025845 -0.372441727229213 -0.24060788603593028
686 0.5936311858511318 -0.4592380138334531 0.39166651905790956 -0.5322591471119537
687 0.5874962095254348 -0.417656711981208 0.36185442828897413 -0.5911619468960705
688 0.6111165215293161 -0.39710343773087303 0.3838553819862702 -0.5670101432747092
689 0.6123383586859418 -0.4258101691043272 0.39187644758018636 -0.5386652803003776
690 0.5748196341973328 -0.4687938109878142 0.4336685665880652 -0.5116114983795995
691 0.548240893427989 -0.5067695998241283 0.4143106994247696 -0.5205411989550216
692 0.5666065584536805 -0.4870615405807847 0.43852092758348205 -0.4994271314973496
693 0.5886602208876528 -0.47507857354428246 0.43524153240642666 -0.48820518408977875
694 0.5631108805126694 -0.48720398610071936 0.46094517827489845 -0.4827711205125449
695 0.5514410838730788 -0.5049500128099468 0.4545672062053981 -0.48405254944348525
696 0.5621910798305978 -0.4939101190812412 0.48275539839587295 -0.45490791304142264
697 0.5438741813197133 -0.5693454420274888 0.4196579746065235 -0.45159033081487193
698 0.5123009999203428 -0.5497176343063415 0.45943814037813413 -0.4735766075083716
699 0.5175430306058827 -0.5581171012094108 0.45142304757549895 -0.465694905411828
700 0.5243231711632574 -0.547076426191356 0.454990326829716 -0.46773539376274204
701 0.5351671995213435 -0.5506640399503181 0.43341688726817995 -0.47171494092602023
702 0.541207176413916 -0.5520163056921551 0.4311677040142797 -0.4652603587918445
703 0.52243229100011 -0.5484593427256261 0.4498041896574479 -0.473215639707689
704 0.5151087704420708 -0.5492470750276046 0.4614952917849856 -0.46905511493594226
705 0.49729118292046953 -0.5606757346735787 0.4737400673121311 -0.46250897133017943
706 0.5125336214488263 -0.5457047625332309 0.4723854583125221 -0.4651532842063674
707 0.5176364948927427 -0.5562709278095036 0.46853739694563085 -0.45065266191660497
708 0.5217633203555246 -0.5444803958070057 0.4565689730301726 -0.47206875450467845
709 0.5061517630411247 -0.5401718863835105 0.47847628654044855 -0.47231892736762465
710 0.5269128242308098 -0.5432727560514751 0.46450353737661143 -0.4598413334596633
711 0.5199888939531888 -0.5709831663030397 0.45084166767331557 -0.4475841425401913
712 0.5301974864992407 -0.5610204497914341 0.45647627564009835 -0.4424659195954525
713 0.5387271289149451 -0.5613042164686213 0.43917751843533187 -0.4492591283953961
714 0.5306699993737469 -0.5478561401467047 0.4570231922205551 -0.4575727300012046
715 0.5368803261904378 -0.5615114958743808 0.4388950533339541 -0.4514814365060317
716 0.5283057639545582 -0.5551274985396614 0.4510465153072121 -0.45747515907064257
717 0.517950480707011 -0.5643037666715917 0.46722670413456147 -0.4415741901415719
718 0.5315980123462319 -0.5708644249898467 0.44478942763351764 -0.44009058910182886
719 0.5345010724306876 -0.5417649059510449 0.4546381040700305 -0.4627132854996801
720 0.5187904315092376 -0.5543432680581779 0.46770101045648144 -0.45256578985935775
721 0.5318010177967674 -0.5570402238148204 0.44784583791708493 -0.45423338933086027
722 0.5101217729396528 -0.5685848174547014 0.46518353879568297 -0.4473157244792929
723 0.5007803615412619 -0.5606520711469423 0.47812692461768713 -0.4541838048289256
724 0.4963036314802297 -0.5693456045094909 0.4812650763260652 -0.44487325646089965
725 0.4865930277504172 -0.5685557853115724 0.48930835343529244 -0.44782684108019477
726 0.5222792502079269 -0.554448380354548 0.4638492095201765 -0.45238842729668877
727 0.5303892626140211 -0.5731248307369535 0.4420881261079393 -0.4413312217041346
728 0.5233043980070547 -0.570098957241507 0.43337821181288033 -0.4618690415090524
729 0.5284640457743428 -0.5343855329012244 0.44291320751729735 -0.4888616830519928
730 0.5326454031744966 -0.5463556777486668 0.44742028729399486 -0.4664755453254029
731 0.5063992503801615 -0.5601992839031539 0.45969680079466385 -0.46734934777739373
732 0.5326250682133509 -0.5410327443269156 0.4447191666776222 -0.4752041341006736
733 0.5702004195612724 -0.5060339862423767 0.41930037497274514 -0.49293841587719084
734 0.5730110121297479 -0.5255457468119645 0.40253597454261214 -0.4831405977403737
735 0.5916352913232773 -0.4871743761796103 0.38497152553215036 -0.5142234278835197
736 0.6444980088252236 -0.40166219695679517 0.2966124811691784 -0.5790603009798087
737 0.7409160787755183 -0.20948333623742563 0.14706074212809536 -0.62091322596276
738 0.8249515476980441 0.06408571065754329 -0.12808560518845377 -0.5467559267018754
739 -0.06449752451865688 0.9233349952744221 -0.37508956608034333 0.05099385502399336
740 -0.8339571716763086 0.06302851236996461 -0.04904720859913159 0.5460194261807125
741 -0.2649626881402554 -0.792212741665072 0.49148012758514015 0.2462539949440286
742 0.4565420721025416 -0.709873568648464 0.5112095232568334 -0.1622149076568897
743 0.7579458034576918 -0.17902602693318828 0.16756721295942878 -0.6044742094104602
744 0.8551354589154291 0.17677702183424202 -0.11011707248454115 -0.4747288297589988
745 -0.038838008664329966 0.8971169403029299 -0.3995577212192865 0.18446254882373758
746 -0.8018552710148009 0.050786967600812034 0.011413252239255968 0.5952466261483701
747 -0.7972463588068036 -0.10945344803025624 0.12280319894937525 0.5808076793667432
748 -0.7121083943836708 -0.13079896989700315 0.18771379639459942 0.6637445252243668
749 -0.22146831640519163 -0.6672537699220554 0.7035797005120521 0.10343982009277508
750 0.7578847548758844 -0.07823081566135488 0.053184377576285205 -0.6454936558863325
751 0.7403208041366319 0.3400764151482463 -0.2904156879179019 -0.5019281492739575
752 0.8180269658122856 0.07117664846879908 -0.07670735677918043 -0.5655808954806077
753 0.6737084213328997 0.22776405382848924 -0.38821324989464584 -0.5861151520093832
754 0.7857047922959008 0.08650473737999492 0.10090343171955235 -0.6041551185261042
755 0.8108081440709856 0.162026028045862 -0.08982823883053055 -0.5552194226181669
756 0.8165016150638839 0.09422523239837793 0.03026527560253106 -0.5687976189034581
757 0.7710724399713071 0.11738023187312346 -0.057919622723181935 -0.6231488512271456
758 0.7681459825965138 0.13004496219485426 -0.07162100533337423 -0.6228246051848082
759 0.7815082812426117 0.12214223792573779 -0.08215343009803522 -0.6062812004233997
760 0.8376397343935533 0.1093106361000355 0.034288467233359494 -0.5340741158446926
761 0.7918687953174918 0.14693844036471998 -0.05740398687943947 -0.5899641413136505
762 0.826079248440311 0.14762731539096016 0.009817070772858502 -0.5437856895581105
763 0.8076362123373565 0.09126933832572308 -0.0025441849657707677 -0.5825694666954433
764 0.8173244671016177 0.1242929604752186 -0.01462097262233764 -0.5624217302104706
765 0.7582011408936067 0.0812531774993442 -0.04890668995662436 -0.645086883118375
766 0.7713799312168249 0.10380868680361692 -0.01937477116785556 -0.6275518914816755
767 0.7825228994080812 0.11466829212213164 -0.00818345933549176 -0.6119167636836467
768 0.8223991582523326 0.1068817781580467 0.01973679700503112 -0.5584320628757011
