0 0.9952694664894833 0.008475644625948327 0.01970933238478056 0.09475439166001826
1 0.9865498685984033 0.010894542005182101 0.015700879332196813 0.16233960733957145
2 0.9935306142337575 0.025208818998222016 0.01583261060815202 0.1095936242047765
3 0.9914716202076225 0.014126022291663709 0.014431964882803095 0.12874859302807545
4 0.9951220428816933 -0.006392720542350956 0.028195187043927435 0.09432011621383213
5 0.9759553791149833 0.023125870090581337 0.008936576080235665 0.21655583510273968
6 0.9901605623673645 0.004301542445133034 0.029376261671160465 0.1367501104758778
7 0.9975035445522299 0.01465149893078794 0.011679123941027107 0.06808531595570863
8 0.9938047539204563 0.005861391421886579 0.009496531725177938 0.11057834806549405
9 0.9901316513865984 0.014361275574292592 -0.0029607439870666 0.13937108983347213
10 0.9986147171614556 -0.0049055249416725295 0.043863971350905216 0.028644973571639476
11 0.991024339513535 0.006928912491841669 0.017517208651088814 0.13234763339219968
12 0.9744239296658318 0.013927805608399289 -0.026870571193365323 0.22267014602158738
13 0.9886542025785253 0.02154498306930245 0.02009976514352743 0.1472911432148546
14 0.9996672231649922 -0.016959136185876623 0.0061642787661970325 -0.01843454085989513
15 0.9998259836566287 -0.002967924303694315 0.00993375322431521 0.015508525953833823
16 0.9926454664095941 0.009947896552938738 0.013551156472420374 0.11988487614754201
17 0.9971235851873479 0.004761259113476904 0.01036781550830848 0.07492926448571062
18 0.9771492025201696 0.026603326369061292 0.00798006244674283 0.21073209922468847
19 0.9852324518326376 0.02717734582606381 0.014709341379281288 0.16841034114889633
20 0.9916550641685268 0.016298422113689814 0.0003719101351020699 0.1278845449159915
21 0.9957541952383361 0.006126314653149996 0.022490485343392604 0.08905183323796843
22 0.9940990287577457 0.005660792322494079 0.02192568644457774 0.10608647758843821
23 0.986233484764392 0.016409200202708824 0.014916966064381618 0.1638649926055752
24 0.9997768178168916 -0.008383521172899857 0.010312009291684514 0.016422350411602983
25 0.9938826861169856 -0.008856734346970927 0.01190739497431421 0.1094393824841784
26 0.983403062204646 0.024268093157070562 0.01090931833065027 0.1794727379704378
27 0.9746527859799436 0.017740521314465255 0.007911783071333936 0.22287804820945734
28 0.990652760730919 -0.005206658667560573 0.01781259351640067 0.13513959402761158
29 0.9881624762885344 0.012297821933693363 0.0034731453448059962 0.15287779855954434
30 0.999735504072062 -0.014668352010539159 0.00716750573088966 0.016198401423372748
31 0.9903745466652047 0.007190295643292244 0.01033133574177174 0.1378398362885097
32 0.9909350541388544 -0.013735364938198704 -0.007426346602877578 0.13343128420641934
33 0.9688909262939599 0.03446290810282049 0.00740977115026467 0.24496484686956504
34 0.9993017738403833 -0.0064536731178702145 0.006430256169392366 0.03623488248010469
35 0.9882230900442172 0.00491621950455022 0.000788250181128461 0.152938987020622
36 0.9853393453152577 0.03211614900460483 0.0006556205973354976 0.16755446191744905
37 0.98595778573023 0.020922837333817237 -9.726532501820605e-05 0.16567881631427997
38 0.9900967220970331 0.013403773195888266 0.028597443040639686 0.136788179344419
39 0.983374568805 -0.0003836397775266976 0.003356194629157659 0.18155728078409003
40 0.9980899204781646 -0.010420256364947035 0.015675348300864037 0.05884056723746313
41 0.9987684956913694 -0.004869581552056914 -0.0002549392834362989 0.04937321334356226
42 0.9800662447396645 0.00477557957634014 0.008837563310388463 0.198416852198438
43 0.9829215413174912 0.00810937155496729 0.00702696014051348 0.18371201250384894
44 0.9892385177392603 -0.009509756455754453 0.005700073627596011 0.14589115365169883
45 0.9848969258895851 0.003218996763075075 0.0073954769460225405 0.17295372315687568
46 0.994878557643883 -0.023221049001038486 0.014686860716881136 0.09727144774290811
47 0.9947043243637884 0.0009073507800273816 0.0004954589746121718 0.10277275089704346
48 0.9991734448114833 -0.029859881438411486 0.023944685501136206 0.013691847950125258
49 0.9818477118089993 0.025370908965048566 -0.019263746748401152 0.18697672543643704
50 0.974526981119474 0.025288602633875595 -0.001348685462799474 0.2228358828701351
51 0.975211705305573 0.023564713029151276 -0.01018510156330311 0.2197796574776544
52 0.9980489283624895 -0.005144761070005439 0.002091800496390847 0.06218916624865101
53 0.9816536171366421 0.01624785891674851 0.0010940901209502763 0.18997627749267945
54 0.9994087600383452 -0.022617224889395618 0.019311004723904575 0.017253306740248827
55 0.9621750126016878 0.04108239803279214 -0.0199350700060674 0.2685778745181184
56 0.9996127440185214 -0.024095068738065387 0.0003628628836887389 -0.013916105374625978
57 0.9723510184385784 0.02974977642522044 0.007827276952140777 0.23148905261291156
58 0.998796472195625 -0.029178401834164303 -0.0003356742541390595 0.039422269325511995
59 0.9752660129474913 0.014931397498745424 -0.005944996828463003 0.22044934649698522
60 0.9990067900508863 -0.035034638342689224 0.0011480959605839483 -0.02750798836858949
61 0.9946247629357752 -5.698643078541764e-05 0.00647315417881236 0.10334251778661618
62 0.9803019370281799 0.010131921634882723 -0.0140272398464696 0.1967452489008888
63 0.9979478100425683 -0.03296180792872649 0.02118577365953619 0.05064435451023809
64 0.993167271780264 0.014430551950985556 -0.027146766210566543 0.11257700706292545
65 0.993688229494076 -0.015281182755824636 -0.0019906645285611953 0.11111356925797405
66 0.9836840336834484 0.010989769560832413 -0.016750344618482592 0.17878582940608626
67 0.9883827444712282 -0.009637091825020141 0.000884971852031993 0.151676938647574
68 0.9990192606605971 -0.020928833737139878 0.019823692120740668 -0.033608361731263234
69 0.9732332645142523 0.013825411483424125 -0.014635097598831371 0.22893598397481787
70 0.995260877981567 -0.012776470728518277 -0.009504432689254343 0.09592816225874033
71 0.9836396587836281 0.0034194069964800402 -0.013322293389868085 0.17962139578194525
72 0.9938112258109726 -0.022213018343295653 -0.010139998263953594 0.10836516831242152
73 0.9802485414488324 -0.004235303748781227 -0.016658987371028902 0.19702115959805944
74 0.9932374747700522 -0.017848939767797993 0.007502436571165094 0.11447465879866643
75 0.9918547536474113 0.006991109712142536 -0.007191746531548982 0.1269785447776586
76 0.9900232516502631 -0.020152177137651064 -0.020988417108485306 0.13786710012085107
77 0.983585506396148 0.014422884237101856 -0.011552951905180188 0.1794939032947717
78 0.9963234953153844 -0.01320718428299737 -0.009242067881871735 0.0841406390938228
79 0.9946686551244308 -0.018174033276459358 -0.008467333137370026 0.101154709712218
80 0.99259404720404 -0.004154848627243469 -0.009693102601090086 0.12101999194328852
81 0.975640139003434 0.013418429869161693 -0.018225336268537742 0.21820655815787268
82 0.9892476534701543 0.0031455515901557983 -0.03043429452599284 0.14301377320276645
83 0.9875754041964857 0.008720210198796133 0.016335523167110327 0.15605104819607385
84 0.9983796071616061 -0.03380682930843343 -0.039617411777641616 0.022928562536454967
85 0.9839044781528238 0.012867776044948206 0.010163160422163482 0.1779413059992258
86 0.9852569226814025 -0.04786841609019594 -0.009339184948302635 -0.16398228768342685
87 0.9878932433716974 0.01290779011369554 -0.01700927959760818 0.15365875524193054
88 0.9996074462348674 -0.02244964085614768 -0.012427553318947031 0.011248243229121295
89 0.9889290953160255 0.0033711647007333367 -0.007698502349186559 0.1481506420761229
90 0.9942697154171245 -0.016478241528926 -0.015442548062830611 0.10448793360858456
91 0.9829293881833009 -0.003371159117786485 -0.01201266775686572 0.1835596604517662
92 0.993134396704499 -0.011679135036554003 -0.02121601206579393 0.11444452245176563
93 0.9850513164081843 0.00026706558703965265 -0.0017703064970894127 0.17225184682139602
94 0.9660889125635134 0.013904854345863216 -0.006965306915269465 0.2577408631688904
95 0.97955857115518 0.009401573786705954 -0.004800638853055723 0.20088198016088493
96 0.9965826149941384 -0.0190323388764418 -0.006911624428245771 0.08008177705383668
97 0.9700115383650123 0.0105453454366692 -0.014649120708655006 0.24238773564441532
98 0.9941884597917631 0.009899959665105321 -0.004263414006327974 0.10711265339128699
99 0.9842619966813444 -0.00023973926476449808 -0.008896399539941448 0.17649112864153763
100 0.999063953630801 -0.03546784084484866 -0.022270254569498375 -0.010829800681757774
101 0.9805542611979697 -0.013994589659481915 -0.004822914367906474 0.19568912029994506
102 0.9964941692920009 -0.016476485161462242 -0.01852924430120058 0.07990346118533054
103 0.9914235296801507 -0.007266558243442402 -0.00822263919442017 0.13022661069276326
104 0.9955214575984221 -0.06531903538511143 -0.018270382935067334 -0.06585320178152072
105 0.9751577097505906 0.012319982263166716 -0.014196575924915794 0.22071274630846838
106 0.9994899887996241 -0.024881241439608154 -0.01588720922106914 -0.012177138289317933
107 0.9801590761372332 0.0069575201264911605 -0.015552281288155539 0.1974788721008635
108 0.9970859921884317 -0.02908649712278868 -0.006512746806298924 -0.07022167753460229
109 0.9520541917470413 0.033926069315242224 -0.019451220518111902 0.3034196562816273
110 0.998529834765956 -0.027594774056015986 -0.008199825993713864 0.04592886217557253
111 0.9769615252669634 0.010450239093819832 -0.019164573813382137 0.2122962311523257
112 0.9948665120627278 -0.04318913580751708 -0.020277257050992224 -0.08924211209305939
113 0.9919489912886987 -0.013612132479782272 -0.013735466021557171 0.1251528885158329
114 0.9967045945908545 -0.015773731928251235 -0.019014807624605168 0.07726304157574443
115 0.9988133726343205 -0.010789036859050395 -0.013838071680897297 0.045430728616901325
116 0.9991127930241109 -0.030547476287848083 -0.005025889458977395 0.028552039211747336
117 0.9872330718758235 0.005554463471774547 -0.01971828235743926 0.15795948553676065
118 0.999155268029966 -0.029587975121077217 -0.024559418671555006 0.014496104673902166
119 0.9874192614087318 -0.0017762307779119956 -0.02340860488448494 0.15637162281123929
120 0.9993183007796597 -0.034114251373606526 -0.013886352689716506 0.0025141179465133765
121 0.9827927018792261 -0.012368759316103777 -0.011268931960362594 0.18395252131564682
122 0.9992498398317871 -0.03209251624428731 -0.020944875656836493 0.005580338787006291
123 0.9814209774915535 0.018960708427772015 -0.019034762676854597 0.1899764045487656
124 0.9876128004979303 0.012574107881696455 -0.0077559487965051304 0.156213614521529
125 0.9867331348718992 -0.012383968470483245 -0.020165600388222037 0.1606166443173903
126 0.9976073337239055 -0.012532482552811811 -0.016571848195672607 0.06593874755197612
127 0.9804517171275381 -0.01089433981461352 -0.01866027366515979 0.19556977764574748
128 0.9816322842384109 -0.014959974173191294 -0.011695313920650463 0.18983539539799896
129 0.9964812516925274 -0.016034369404805786 -0.028223253001226738 0.07727523544521091
130 0.9928378055425504 0.010936516306758366 -0.010789032477249775 0.11847818902536318
131 0.9960133891596545 -0.01163892482617679 -0.007947999226008546 0.08808344539067654
132 0.9919722806849165 -0.010350790893844537 -0.013610288467267945 0.12529411609678606
133 0.9965878994615724 -0.0156038968303588 -0.012633326586028027 0.08005920377975873
134 0.9642775229649471 0.014099494807323506 -0.030976766102419815 0.2626985019230227
135 0.9984738281730146 -0.04438375903512603 0.0015793975082275939 -0.03282684710642117
136 0.9878128268961733 0.009694407743864552 -0.008276261154058556 0.15512363127259482
137 0.9930515460390311 -0.012675844908304252 -0.02497506086967483 0.1142987147780186
138 0.9694011535226883 0.013529330985754371 -0.017908515567803485 0.2444537703168371
139 0.9799911068945865 0.015768693336113217 -0.008582577059391817 0.1982299626419139
140 0.9879434890818667 0.003859078885366305 -0.02569519931837768 0.1526188934008254
141 0.9944802678411039 -0.026966027337550227 -0.014037363262053022 0.1004230186608927
142 0.9814871903512508 0.00842175302018966 -0.03340241619142272 0.18840447936567115
143 0.9994521285958765 -0.02285644373761277 -0.011791844909393607 -0.020832139075813234
144 0.9985170427166531 -0.042955048878217605 -0.029117987315296013 -0.016453631664954484
145 0.9834704932925457 -0.0018862225298877928 -0.011003918877830953 0.18072394627390959
146 0.9742938005546949 0.016030817380064236 -0.02220294698786424 0.22361044751949685
147 0.9858345983066009 0.0021703835214625196 -0.02340082906483538 0.16606575630186662
148 0.9964512450464807 -0.0586386816063066 -0.021140361686015303 -0.05656417923542275
149 0.9902525629909726 -0.011339932235056596 -0.03175482784251715 0.1351402913102019
150 0.9980934318610296 -0.02389094429181583 -0.020312728999908946 -0.05316123679236288
151 0.9899439546793576 0.0007112316783628758 -0.0406484819585445 0.1354922937209329
152 0.9749970163793424 0.006041153660761794 -0.039328550437295474 0.21862659406926752
153 0.9979363635342395 -0.025600895835885852 -0.006998637044505647 0.05846903067417475
154 0.9981318036196052 -0.04380263085685928 -0.021453167725284373 -0.03679665375604754
155 0.9975915265457347 -0.002101758712706809 -0.029045425476860363 0.06295309391390072
156 0.9936956684773984 -0.009558712221953513 -0.01913402509454736 0.11005198114343658
157 0.9681598347503568 0.020338932289792742 -0.02310148504960602 0.24843345909513848
158 0.9990854563355931 -0.03784583074538628 -0.018859923077348694 -0.006344078767472875
159 0.9717231967828589 0.019424428089331886 -0.026715544837678393 0.2338011977974656
160 0.9985431455534323 -0.044369976364067115 -0.029741078184615275 0.00763936739040565
161 0.9801138201574545 0.0034782266033337745 -0.020506252010689417 0.19734308983222848
162 0.9961003189125962 -0.009073876462615338 -0.025425868611256848 0.08399609891851181
163 0.9959042210566386 -0.008777591185131165 -0.021404885031859354 0.08740461813502498
164 0.9988477248330279 -0.04657413423865076 -0.011578938251393892 2.836854490778551e-05
165 0.9957913764059647 -0.008244335865970339 -0.018430443262801462 0.08939733979699849
166 0.9915129240875683 -0.014759891254330259 -0.039298382567558715 0.12304431764634281
167 0.9896220408349212 -0.0011068686396972418 -0.022885168688747667 0.14185647743274687
168 0.9699561851457218 0.025850816176725827 -0.03030932714183236 0.23999599765155366
169 0.9918058402101949 -0.011275721975171358 -0.01801546587946897 0.1259741100704173
170 0.9916148346038209 -0.028548110624250986 -0.0299994310903896 0.12241347682210217
171 0.9841213570284574 -0.0050222389182701405 -0.02020660455909755 0.17627145228002095
172 0.9822255661243686 0.000748523307891682 -0.01951224538157779 0.1866859642412633
173 0.9941290632491956 -0.017844955346820363 -0.018285156877267898 0.10514093498690447
174 0.978616379280655 0.008274559903580298 -0.017892590347634588 0.20474708562681612
175 0.9898035029506214 -0.024020329714164675 -0.017844912390043263 0.13926093640678217
176 0.9989292334935586 -0.0352299182222902 -0.0086226281814102 0.028720891651680593
177 0.988938163007614 -0.01380170094531627 -0.01391936275818787 0.14702746049139298
178 0.9852311582481635 0.0023402807656122218 -0.02281175200977957 0.16968709990203815
179 0.9953767271916505 -0.02208852833230072 -0.017249365353955562 0.09186798831060553
180 0.9918276049501406 -0.023297876517845654 -0.02757112463390376 0.12237256267255674
181 0.9880545749186079 -0.003705733437015626 -0.02131344528840983 0.15257837845527308
182 0.9850454913668597 -0.0066875674432816294 -0.025557845667191315 0.17025702013240337
183 0.9980494271787806 -0.0336532765157667 -0.03544854204153333 0.038835534694282
184 0.998634120518318 -0.04779317288051033 -0.014387740903133514 -0.015449882663745107
185 0.9994006769823428 -0.011069093490987591 -0.032789333725213046 0.0007884227162894885
186 0.9983473859814129 -0.026492021603864383 -0.02315103682161395 0.04543896114023722
187 0.9655711677245922 0.01777223468220985 -0.031039505623666443 0.2576684241889299
188 0.9953878838763517 -0.01257774746895572 -0.01943535104983513 0.09309687443913131
189 0.9950854002381335 -0.01869598856073607 -0.02600873587047559 0.0936965949385051
190 0.9866412974775178 -0.015401170000651079 -0.02125037630070401 0.16077989793991565
191 0.9984275209824905 -0.033609013926694645 -0.02359332485543437 0.038161165468308375
192 0.997789069248303 -0.009360845265368093 -0.03055516583078264 0.058272889971035434
193 0.9990374171333 -0.03303116085042915 -0.02825273313457418 -0.005913091486204582
194 0.9935972609604395 -0.011751627308174388 -0.030212952186030886 0.10822920025449072
195 0.9962380816989419 0.004539912297922993 -0.0249650777524094 0.08286023571023383
196 0.9880901356513533 0.007908651605174552 -0.03134155000178352 0.1504428273523331
197 0.9993473260827735 -0.01846095523511543 -0.014815583373651157 0.02728760656994155
198 0.994211861155256 -0.010047838640187759 -0.03443447091863123 0.10127232242531471
199 0.9949329963391178 -0.0022932694145224096 -0.029640493717759137 0.09604433790299552
200 0.9918849264897909 -0.0051737290895972655 -0.03496731474797156 0.12212621352095457
201 0.9904732530580427 -0.003471925382118242 -0.008995341919987514 0.13736726150907302
202 0.9988024978045107 -0.02764593721770271 -0.029158049724782403 -0.027912016607050054
203 0.9980011543820764 -0.0230128279417512 -0.02283353231628489 0.05424698520772976
204 0.9977016584084416 -0.0363957072467508 -0.03074336247748779 -0.048182973825118755
205 0.98550804808951 0.017871140649310804 -0.030917454161606822 0.1658270801493579
206 0.989272867911227 -0.001862388868930667 -0.04296349104639181 0.1396060985756117
207 0.9995570621313561 -0.018720889095607835 -0.017834852045403683 0.014735192815859298
208 0.9892650881355397 -0.04267912571407187 -0.031911397035904406 -0.13606888095256
209 0.9781027638862276 0.0037700683986306638 -0.026965161978887188 0.20633383121011534
210 0.9983345719109281 -0.04666895607650655 -0.020710311549286542 -0.02685468416654413
211 0.985698334083302 0.004066250002190927 -0.019988674341186424 0.1672803416256821
212 0.9946608631528704 -0.027764037876207546 -0.034237352943530634 0.09330985572926065
213 0.97757992337197 0.01202397259989246 -0.025559679708558325 0.20866149687032876
214 0.998633618621581 -0.025354758333837314 -0.01786911167100892 0.04205623421905746
215 0.9621639702637701 0.023820739619262392 -0.030910427306970002 0.26966203324522864
216 0.9990777943799952 -0.03468962299516667 -0.010553409481307322 0.022996007948709842
217 0.9940045820030199 0.005477995842811983 -0.04602081016664488 0.09903013455586918
218 0.9913326796913443 0.005846502975041309 -0.019277889618822604 0.12982179921255896
219 0.9938606969546133 -0.009692606431582568 -0.0375014093818236 0.10363692741407232
220 0.992372867032778 -0.0015363536581220096 -0.03679687680308423 0.1176423488889944
221 0.9933725143590517 -0.025634689349174334 -0.028855352333542084 0.10826485606905874
222 0.9963767072841401 -0.008122418003161054 -0.028935043823174293 0.07956284777676033
223 0.9862539572898349 0.0035530363246222833 -0.04604869185166959 0.15865064021858402
224 0.9965981986777267 -0.020487925792167253 -0.0298788523739552 0.07402384392788741
225 0.9875393465269728 -0.0016936925934360981 -0.04838206233836303 0.14974093131260044
226 0.9957718364468352 -0.006464281296497166 -0.03368938872017241 0.08521553786885357
227 0.9806341371707655 0.022582052379984025 -0.02378805465299368 0.19308254292266339
228 0.9608671213965259 0.024245113137238074 -0.03734725991189149 0.2734076291642027
229 0.9976088555046007 -0.039013768942693275 -0.028275032952900996 0.049548156002008424
230 0.9949737678252513 -0.0006767828262885044 -0.03499804067743251 0.09381833751122343
231 0.9952329794868898 -0.059380044441384186 -0.0337456268026578 -0.06961723590809342
232 0.9939713741353112 -0.007937114816380273 -0.03497953348954129 0.10360666892052232
233 0.9795096619920681 -0.00360171599922315 -0.035037489484275625 0.19829327784038606
234 0.9991221582081756 -0.025339991172228547 -0.021040223734662803 0.025886421344480756
235 0.998952666708072 -0.031806024903792605 -0.028953884729011267 0.015608299579070029
236 0.9934799089550563 -0.012112593894377986 -0.016905206710123747 0.11209446711542308
237 0.9935782527355452 -0.016761503241334595 -0.029908942509540907 0.10782746801271348
238 0.9838871312054656 0.005808779908873036 -0.05207903052017858 0.17093901165131295
239 0.9746375746676305 0.015901314366098665 -0.0215493270783268 0.22218094596499682
240 0.9951200223731458 -0.05144992200310554 -0.028487082204926507 -0.07923088252313162
241 0.9985210554987574 -0.0032188934568710965 -0.03097851291541973 0.04456088181477337
242 0.9641291397331283 -0.002802417251448948 -0.03593005668237126 0.262975625109645
243 0.9981264909900065 -0.006645967492280623 -0.027310658964084 0.054345809470608054
244 0.9984157432341785 -0.01888270318970338 -0.03670568707311964 0.03823793559912253
245 0.9693156389793443 0.01613042559216825 -0.0336304893962192 0.24297323223608785
246 0.9968724047647511 -0.026134500024892034 -0.03146350896364927 0.06761985012321023
247 0.982473281460213 -0.014171532139938058 -0.03263588239116454 0.18297627735353533
248 0.9987429094079266 -0.03789778454453429 -0.02566334866963833 0.020438966927577153
249 0.9966591388058472 -0.010592180610218696 -0.02800227257340902 0.07598841671881283
250 0.9872810280989066 -0.0011182437388156542 -0.025354311154566277 0.15694610537628464
251 0.9885014078305171 0.004652686307145953 -0.040747207258240124 0.1455437539981271
252 0.9895934367837814 -0.011227057532911531 -0.02249957821652321 0.14167763420418625
253 0.9901374394126935 -0.018415875019753728 -0.02405000047145428 0.13678561363628344
254 0.9972031780217878 -0.017707324629568876 -0.04106256044815552 0.05988437631929875
255 0.9985763972816241 -0.04094503599226145 -0.028380809982301716 0.01905813328720341
256 0.9986561334347054 -0.0424951912434046 -0.02966370595606864 -0.00038784453346911956
257 0.9893174865492711 0.015655913716287984 -0.04173594020951709 0.13879450446025826
258 0.995781244908098 -0.02674760173897849 -0.015192740818396293 0.08644916839921889
259 0.9975855545005914 -0.017963499904813208 -0.025346366660929646 0.06211228397029717
260 0.9877448032184546 -0.011121809439853733 -0.030810409349197775 0.15260153257898423
261 0.9904562676655473 -0.00479473836520261 -0.04546109121477663 0.13002569558208402
262 0.9963869847093363 -0.025448999413215174 -0.022132194099048454 0.07794543678154008
263 0.9850003609994323 -0.010893477934904878 -0.03713531316785115 0.16815644348461706
264 0.9954882686358193 -0.03916674608989084 -0.03698210720824964 0.07811143805888071
265 0.9760221874251832 0.01577572436941889 -0.034008754470301134 0.2144183312913322
266 0.9980811979331937 -0.04650986456483754 -0.038591155509372664 0.013471360245083936
267 0.989523789652718 -0.0061455359997030995 -0.03209111867742061 0.14062383226406355
268 0.9974016757953775 -0.029785860165508885 -0.020734880695375386 0.06223153844572477
