0 0.8315419414354867 -0.02805883676106195 0.07226970122075121 -0.5500252645095325
1 0.8497478977277 0.07714839841295772 0.05444991526039143 -0.5186635148704853
2 0.65484116927843 0.02174163879385238 -0.08378931286362562 -0.7507927112129272
3 0.6912764044802856 -0.004462519648883789 0.002154676534000649 -0.7225734397943407
4 0.7713636626550011 -0.028881355359335167 0.03297654535626414 -0.6348830716789002
5 0.8055464313366563 0.030848006870965637 0.007761528902014303 -0.5916782116167282
6 0.7653415503884287 0.007592209265876752 0.025183660578083106 -0.6430866604489535
7 0.693408130675055 -0.006268047826011188 -0.06612343089026738 -0.7174772245705621
8 0.8098209680937262 0.0225263872972291 0.0867681321762561 -0.5797877652639102
9 0.550660747329531 -0.10597483308793212 -0.10288770866717069 -0.821557177260163
10 0.7524419243547399 -0.012278596958412553 0.028840542344416673 -0.657912311518297
11 0.6716766757264154 -0.028740091916407962 -0.029103655827026866 -0.7397144230169169
12 0.6937817887510307 -0.136948472687691 0.08351507203162556 -0.7020948498383117
13 0.7440966290820908 -0.0158509402737452 0.0161997478024688 -0.6676874436832281
14 0.7336844714093879 -0.02235926920015243 -0.0034445810944088687 -0.6791136093133803
15 0.7480953429830826 -0.0027723628876494526 -8.449883605431806e-05 -0.6635854614674661
16 0.7220059521038478 -0.047041908849018536 0.020936528381398405 -0.6899682063093863
17 0.5508507049804638 -0.03828556127758301 -0.04335312264439846 -0.8325972756243958
18 0.5991028016929408 -0.11565272658384869 -0.01609568360640345 -0.792111866346309
19 0.6903779203743999 -0.11124769252529493 0.04107124107359001 -0.7136633878264956
20 0.6736253840906056 -0.08579937464863553 0.03129039419181789 -0.7334086312895478
21 0.7572328665307925 -0.022324633275449594 0.07024987323230487 -0.6489722273761188
22 0.6993423537969959 -0.03453036795669762 -0.0057081091883174504 -0.7139295086799162
23 0.7293086731252171 -0.06113492811482421 0.02839323530917444 -0.6808562286249634
24 0.7128990225203424 -0.04799272500669211 0.04030636024370497 -0.6984605066572318
25 0.7018043507358006 -0.052311285671015305 0.020934197691403606 -0.710137973950671
26 0.7011969568075367 -0.07736266125269718 0.04341137536456088 -0.7074272392951145
27 0.6980476366185286 -0.05615305096060988 0.022876633527546007 -0.7134794962138352
28 0.7058199483787637 -0.04930530146327326 0.04994101953269763 -0.7049064351289818
29 0.7360097807119786 -0.04791034309509813 0.058493975627613916 -0.6727352053639614
30 0.7180025626715123 -0.06552865075641036 0.037052581839561595 -0.6919576736377797
31 0.719437366835454 -0.06784630846774066 0.034622715045105404 -0.6903680331758374
32 0.7260315007287912 -0.06826974074411779 0.02417469046859182 -0.6838370323322496
33 0.7451397841177893 -0.07108510503539063 0.07517748566287218 -0.6588337845135225
34 0.7468178919245773 -0.04708192636394107 0.030929892985703995 -0.6626384159034879
35 0.7574259692466369 -0.055343177929675046 0.0637446829682889 -0.6474408460706734
36 0.7020898271904923 -0.07161789162133013 0.02295890794451581 -0.7081056705756109
37 0.7444725995216512 -0.05264983945139122 0.04447970109775508 -0.6640859124823174
38 0.7325493866217013 -0.0459325476556969 0.021894032286146312 -0.6788094346547339
39 0.7311009348142099 -0.06966723249340812 0.0546219808342462 -0.676501544004329
40 0.7125445379289074 -0.07628208384705833 0.02961478524962511 -0.6968387831100167
41 0.7419006916337286 -0.04789716245826597 0.03973794291012313 -0.6676152495825073
42 0.7128075734768594 -0.07621142951367522 0.04486172239191843 -0.6957618896357749
43 0.7401132486069606 -0.054017698789696464 0.038976015320440746 -0.6691751173524445
44 0.7380210218241114 -0.05224701591113369 0.02870481076051657 -0.6721393118344434
45 0.7574670451259473 -0.07045828753340037 0.03165855726970649 -0.6482877763907225
46 0.7960176918386443 -0.03786314372879635 0.007270118940101292 -0.604044172223726
47 0.8214169510545771 -0.03280793854938914 0.04270680043141313 -0.5677798524826795
48 0.845878514563905 -0.03293985799631109 -0.0047605839610965215 -0.5323362106739441
49 0.9796503630840512 0.09338323730288976 0.10708353735227526 -0.14176689715248342
50 0.9763732366519016 0.07515001909109967 0.03841589597944523 -0.19892711307560285
51 0.9748315686950234 0.0763516395454965 0.13087253331216056 -0.16354271563959027
52 0.8583302495715432 0.008241998730572863 0.08749748525127331 -0.5055150266827693
53 0.8340123099684622 0.01685752535663014 0.06440644645858692 -0.5477144331807383
54 0.821026875279127 0.012690269598589576 0.028980888267636548 -0.570012223765532
55 0.8270637265015846 0.0058571688942240215 0.05448165067850741 -0.5594309927213559
56 0.8219824375065112 -0.004854803168230135 0.04417757229060353 -0.5677760521751165
57 0.8297616308152443 0.010164370606155347 0.04223038932743788 -0.5564251214802042
58 0.8479808868444365 0.0036382473895804237 0.08201239522988882 -0.5236307341353368
59 0.836492550186497 0.0032642882170480377 0.0553606440894961 -0.5451648897268815
60 0.8310359632444003 -0.0013599227619796575 0.036652473238818366 -0.5550080851753522
61 0.8264234011104156 0.002555622587007637 0.05479262864194818 -0.5603709474417742
62 0.8440592981784031 0.010703145799410741 0.05786493591366934 -0.533011250369338
63 0.82697643113059 0.0017359357503073684 0.04257749020275799 -0.5606194129796231
64 0.8451420344298822 0.008584748555673124 0.06062898069187055 -0.531022947180459
65 0.8287056912449421 -0.012659461278023802 0.06465678121600664 -0.5557932313200461
66 0.8356253546778823 -0.0016853191812675737 0.050963692629105085 -0.546927900506389
67 0.8377100733926913 -0.002007113300059004 0.05734054711597647 -0.5430928705930992
68 0.8169813459927303 0.0012214932436964256 0.01966128230452441 -0.5763275303439044
69 0.832025119458392 0.004319248797903682 0.05582941930220644 -0.5519045394091708
70 0.827614246846641 -0.012252442275580573 0.048258233107110124 -0.5590846796435496
71 0.8245595843786869 -0.006014846628069222 0.042240826396875555 -0.5641640063089781
72 0.8377923567443575 0.006199369936546264 0.04696469761843737 -0.5439300064996725
73 0.8266909165937693 -0.018239422977354813 0.0825969801974412 -0.5562618005337687
74 0.8300617187814413 -0.005409980609672425 0.045990895845383684 -0.5557455466512903
75 0.8125528072743909 -0.009813257479309596 0.06089278754637964 -0.5796151341993951
76 0.8164280062619811 -0.005684931741166946 0.04335105046030194 -0.5757896131107031
77 0.8402114466617719 0.005438249068316834 0.04362925399865378 -0.5404735317673979
78 0.8049068020955449 -0.016323295160568237 0.04126192426340649 -0.5917398445106643
79 0.8127372472378243 -0.008196667670512026 0.03728262476914327 -0.5813785234094101
80 0.7769796236758919 -0.023590982567968745 0.04666999319714021 -0.6273500152776965
81 0.7928750898904426 -0.021206615002183248 0.01776331836759813 -0.6087559739599628
82 0.8005612599578318 -0.007517490698854327 0.029689267038452996 -0.5984677968036715
83 0.7861551461388462 -0.0029398173555833947 0.020116009752120422 -0.6176947383821378
84 0.7093654494347043 -0.01272395945810838 -0.029263453943626696 -0.7041181791910345
85 0.7774905517845545 -0.045519500319811695 0.0352327822874216 -0.6262547948149145
86 0.76600816236476 -0.03609249747698436 0.013992008658108838 -0.6416642817783679
87 0.786656992926584 -0.02747512410046683 0.029117193523620074 -0.6160909689945765
88 0.7366796958624278 -0.06594113499594342 0.005366586190286328 -0.6729977653544995
89 0.7291975383082425 -0.07281338338729752 -0.020228087854931645 -0.6801176264343005
90 0.8253293907695787 -0.023109663920281978 -0.0067634291371312105 -0.5641379230221231
91 0.7744726915636813 -0.11251469376637613 0.08874368332545762 -0.6161631702549225
92 0.7565054377055926 -0.025907483819116832 -0.010555134456319781 -0.6533887924816594
93 0.7670116473167848 -0.04853751790014331 0.0012127994216902728 -0.6397935380683742
94 0.7765748571662412 -0.03734664844044676 -0.0008979115544753593 -0.6289164593348928
95 0.7517435175069848 -0.04112720766895888 -0.016911078984787158 -0.65795459728096
96 0.7609271111483196 -0.029380192096651055 -0.020007641489325965 -0.6478629717107403
97 0.8007739932082809 0.00665450296586307 -0.016360379689053964 -0.5987061611241121
98 0.7860165223941773 -0.008237505451116737 -8.888540515240461e-05 -0.6181505982579741
99 0.7792755367545103 -0.011994563573818309 -0.0079123228004533 -0.6265166904469065
100 0.778827628112788 -0.0081689519726684 -0.015309154225377486 -0.6269979455379263
101 0.78403453645264 9.308151834589562e-05 -0.024485364308961595 -0.6202340718793043
102 0.7806500725319592 -0.005355296000356853 -0.020407397361938178 -0.6246121382053885
103 0.7842651246193011 -0.01224964796300705 -0.0233716630708374 -0.6198644414676145
104 0.7797331341843644 0.0031631754953212613 -0.031375548282501185 -0.6253173664194737
105 0.7862381856296761 0.00576269294504145 -0.03096987197926294 -0.6171200643775604
106 0.7643070016225865 -0.038140505604694445 0.029834917155996545 -0.6430318707662978
107 0.7698073602558386 -0.04511726570879471 -0.02612589381146369 -0.6361434571725559
108 0.7907940639348126 -0.0233824545840918 -0.023791509431851463 -0.6111726215579691
109 0.7629612029556375 -0.045291679558347904 -0.016020725417892193 -0.64465665505318
110 0.8454336934862398 -0.014604249570445664 0.04811250359173473 -0.5317083531512685
111 0.8588511184603277 -0.007463796711967175 -0.004755573975850453 -0.512148838302155
112 0.95006803997918 0.172169341709403 -0.0069958325772195955 0.26015283106670506
113 0.12192882773221278 0.1937019139888114 0.07748170102480026 0.9703656607131267
114 -0.8818805644293728 0.0027960619161707737 0.04846515592459085 0.46896692930386574
115 -0.36832186143315027 -0.2071402675768207 -0.031713428381223645 -0.9057737986931016
116 0.9971229156427998 0.038613821594209036 0.05306010237449803 0.03794060381570799
117 -0.23501212572751953 0.12152992553261685 0.09693140553461288 0.9594811517597173
118 -0.9620385751200559 -0.1007574048782153 -0.04999316083957667 -0.24865721226710483
119 -0.9685859232628208 -0.13119577036383057 0.01392669616438456 -0.21079617223681957
120 -0.9616005709212697 -0.14223071777223292 -0.043843555733366645 -0.23059164674059401
121 0.05887587777358635 -0.12759292809158926 -0.11029524224874875 -0.9839149532630825
122 0.9763396202306067 0.10653880419201005 0.03809123756018879 0.18428099953718663
123 -0.1724737237700238 0.11546975645409163 0.08203938372443322 0.9747764305067339
124 -0.9951051853980366 -0.06210946909715088 0.0020850492526999194 -0.07683577559979976
125 -0.8516437196612864 -0.12483777968557118 -0.01703542076348439 -0.5087517056129409
126 -0.5553646067581213 -0.10608546436059049 -0.03953365854352649 -0.8238647447572685
127 0.9497421074988949 -0.015885667533595507 0.003404926482584829 -0.3126115501484517
128 0.8610288421060746 0.1053059880950664 0.03569369400045478 0.4962518938416217
129 -0.0595258864722648 0.07567043850272684 0.04329960750433416 0.9944122875178417
130 -0.9974380084217085 -0.034876709246229126 -0.015071945409225946 -0.06061246546273435
131 -0.7031500490170788 -0.08954502053338008 -0.01463107886675929 -0.7052287780544347
132 0.7801222822916368 0.005386036687233652 0.007649142931975077 -0.6255571164116812
133 0.7322548894277768 0.02303023287319188 0.02599178812462838 0.6801446994816657
134 0.8276318978108665 0.12689016625608984 0.09927125944687573 0.5376518803848046
135 0.4751367122909144 0.1306130140371423 0.012653394656477262 0.870071972196083
136 -0.9417483363101146 0.10475456560089116 -0.3028321500310683 0.10212365519535828
137 -0.5604735721454499 -0.04616246895679656 -0.03518412529875641 -0.8261358718233299
138 -0.27060918526860994 -0.06120414993036918 0.010900807784402625 -0.9606799119733938
139 -0.48330492015336435 -0.00698137604485595 0.07766514302749691 -0.8719723276013918
140 -0.3462196212060093 -0.03793438028527069 0.024280535400907834 -0.9370717220602622
141 -0.49002703905170125 -0.026156177459273136 -0.0032582142844535832 -0.8713086361437135
142 -0.3537228631232253 -0.04461699503644835 0.01413987216783885 -0.9341785289081005
143 -0.43050585847130995 -0.06837078452728529 0.01426892609726681 -0.8998814029598761
144 -0.36062714268037716 -0.053585540281850315 0.08999083622681871 -0.9268108238632558
145 -0.28075608483833564 -0.07424566775072113 0.026707376116856425 -0.9565303537825925
146 -0.37916124062334833 -0.07477319098337193 0.04389974908224362 -0.9212592119211854
147 -0.15125685904608882 -0.10504664218719174 0.021627898054066615 -0.9826590454386865
148 -0.2930578428668151 -0.07546470528699838 0.02228480427107564 -0.9528512824616419
149 -0.36338566588888505 -0.06489295264289292 0.04260207689456283 -0.9283990659021845
150 -0.27280325100490216 -0.08443573694346931 0.03982543797408972 -0.9575295959176101
151 -0.46406869300586306 -0.06849027185903146 0.029936514765821855 -0.8826398676222266
152 -0.18897549894421434 -0.07854302920620186 0.040752304092487694 -0.9779869646744032
153 -0.39412473904307394 -0.08093715088036732 0.019991837487469286 -0.9152678264396014
154 -0.36143405414498203 -0.0786072896577569 0.05322672200779562 -0.9275522813196508
155 -0.3458323956825221 -0.0812321509717473 0.050691485575228915 -0.9333979135583961
156 -0.33676571080067896 -0.07971605138562185 0.04900609973213953 -0.9369272166873165
157 -0.3875712524015091 -0.0769624123866472 0.04804717058124825 -0.917364039403491
158 -0.30808152642437125 -0.08300782258104049 0.052478488212961846 -0.9462776985331876
159 -0.29645051089022073 -0.09449048835261253 0.04460186886636293 -0.9493151823801406
160 -0.2865148022625776 -0.08121431595134566 0.04396502307106813 -0.9536144817038756
161 -0.26565481602395924 -0.09075034855282631 0.035164620527528244 -0.9591430250092902
162 -0.3328236889115637 -0.08171925025580756 0.05188009586361589 -0.9380078954305819
163 -0.20011123119370738 -0.09035916605215394 0.04841533214085679 -0.9743955417971638
164 -0.32303518193767816 -0.09386389841883773 0.02702991178756096 -0.9413326849062801
165 -0.31261635912833174 -0.079284192818893 0.049826482588600195 -0.945252532610863
166 -0.32369800491958617 -0.08426417279539246 0.03504281113680483 -0.9417489857609712
167 -0.33635152224080084 -0.08486078659287183 0.04392298967549797 -0.9368762305465441
168 -0.3253342730582992 -0.0826309829070796 0.04196107714504347 -0.9410467573092559
169 -0.329128920269024 -0.08612547712576146 0.037413105770681306 -0.9396046059641248
170 -0.32439721794668075 -0.09211565607219238 0.05125752829382584 -0.9400286254620392
171 -0.367321521124507 -0.08209942423922002 0.04221839941312383 -0.9255010488429286
172 -0.32536779604986393 -0.07972038739059992 0.04790561069977893 -0.9410023961666771
173 -0.30701974630485857 -0.0832359390217763 0.04083784600959915 -0.947176289909835
174 -0.3188907506056444 -0.07761303653415616 0.03431465492115097 -0.9439848569737539
175 -0.35686687790624694 -0.08015476106869929 0.04447318466763041 -0.9296469123150931
176 -0.30316444668803266 -0.08577945544767132 0.04175540816333707 -0.9481506679724235
177 -0.31255050549260005 -0.07977019856273657 0.04252466965367461 -0.9455900535688959
178 -0.33456829622800305 -0.08264494026537118 0.04055797717580369 -0.9378640197251579
179 -0.3674157961261269 -0.07725557665653779 0.043971157645727434 -0.9257989770613083
180 -0.30267859598487856 -0.09086545371378882 0.03811664120258226 -0.9479853683034584
181 -0.31762988701188294 -0.08408472858994756 0.04848211115120942 -0.9432340633125454
182 -0.26552876806215997 -0.09126044773144225 0.022292948961154087 -0.9595149964632465
183 -0.3001327814298839 -0.08362308135880633 0.03810707890933198 -0.9494605543740182
184 -0.32072687451964516 -0.08386451067177081 0.0465840547442655 -0.9423008763947042
185 -0.360318250537981 -0.0792445122686314 0.044176802155816 -0.9284069558958729
186 -0.32923788077920496 -0.08223849150514802 0.03809741563134758 -0.9398871396594317
187 -0.32905831655850065 -0.08195110662401232 0.04446778624846922 -0.9396952997716578
188 -0.2786427303834789 -0.08186314218987412 0.038996143370687936 -0.9561045735469803
189 -0.32896889854744815 -0.09026606125840315 0.03467044741466066 -0.9393771670896841
190 -0.3508273165383541 -0.07911078208123687 0.04497753706008622 -0.9320078858512953
191 -0.3105756418684559 -0.07944588853628605 0.050631165439450135 -0.9458687047148349
192 -0.4152684030989781 -0.08004594981332917 0.03728312100306586 -0.9054030970757596
193 -0.35715122098806007 -0.07856589852701822 0.04281576116834862 -0.9297511578540546
194 -0.36957606642781354 -0.07623936585006608 0.04431351334015763 -0.9250067041670432
195 -0.3591779903214771 -0.07203812855995438 0.036379876931137145 -0.9297731894697113
196 -0.37174035803994554 -0.08499717427127881 0.04653086643805404 -0.9232656524742783
197 -0.307436884964976 -0.08105967930253692 0.036622455394404146 -0.9474020719395154
198 -0.3069017088071357 -0.08663542360640926 0.04341119624826786 -0.9467951798293507
199 -0.4197089378487505 -0.07402647355153408 0.042652809491715904 -0.9036289208219606
200 -0.3858612724573353 -0.07742289193914031 0.05085440748755949 -0.9178946581500927
201 -0.33537585272695875 -0.0800545990205753 0.03876522536624823 -0.9378760877032872
202 -0.3695058443942814 -0.07665044764847384 0.04885429010914515 -0.9247720790398514
203 -0.37642415112269884 -0.07630226550141107 0.04637401131659861 -0.9221346288939136
204 -0.4454394691075011 -0.06464297932250014 0.036975453800149514 -0.8922094935618043
205 -0.6397530139468729 -0.044587751280782545 0.040663399378095474 -0.7662078709675547
206 -0.7789920853019713 -0.007645327302778868 0.04558843068486674 -0.6253275741521483
207 -0.8653058446862805 0.007569344775229002 0.04302719901844134 -0.4993367203762043
208 -0.9428516444317465 0.019385222271309822 0.023901170224571902 -0.33178867342291773
209 -0.7095504184915746 0.12172834606701653 -0.06044001506179365 0.6914241953833768
210 0.8978492291569617 -0.1383731028143659 0.01514510314827805 -0.41772032745654414
211 -0.5918531032879669 -0.04863811632424954 0.06510859114018826 -0.8019383449671001
212 -0.9944391172246891 0.0813879965125647 0.06646909487810036 0.006978222061370726
213 -0.7577926200512479 0.12370925836840797 -0.008838202557781784 0.640599914584252
214 0.4709681396864195 0.15036080658014028 -0.060523227386125776 0.8671318113133956
215 0.8532623820729752 -0.06871168068644179 -0.06229742901473472 -0.5131676554641288
216 -0.9762093019806488 -0.08467170446690127 0.017194512614611083 -0.19887294920393264
217 -0.6958245902571152 0.10544174302658542 0.09017940160581801 0.7046828037827018
218 0.9470161227566024 0.15023005675456752 -0.02986210196082642 0.2823112611162592
219 0.5761851995344339 -0.17294938806726493 -0.09241834041169696 -0.7934468951102971
220 0.05831831619218817 -0.23263512409692194 -0.06641434933802903 -0.9685396260530201
221 -0.809662362139347 -0.15713124796420133 0.004972624291664031 -0.5654484090134125
222 -0.8826497615758636 0.07248111540835069 0.10280737912639192 0.4528868833344535
223 -0.737358568061755 0.11449514258194558 0.13087427053717077 0.6527366465447009
224 -0.22063471035714155 0.09456455247667792 0.1643001149267817 0.9567566786992147
225 0.2969639233419954 0.17404779704449788 0.11392753367171399 0.9319551006613823
226 0.9935610990426287 0.0920775039381973 0.012495674341193067 -0.06482232532448849
227 0.796385381379295 -0.013700610303837605 -0.06332684456152256 -0.601308846068755
228 0.8270402452326078 0.026058109728764788 -0.0416714091750712 -0.5599900903947457
229 0.7057329100341332 -0.05077122382194226 -0.0862836001617038 -0.701369006208224
230 0.27897220283820273 -0.03724815052378318 -0.0802733783422499 -0.9562129836263886
231 0.29528479545106495 -0.048906693483332625 -0.09751464463267438 -0.9491606391913402
232 0.12374304498847497 -0.06900249270246134 -0.16371189443850728 -0.9762810714323934
233 -0.29112355372072285 -0.17317363314172451 -0.18421387414338394 -0.9226717822858778
234 -0.6329647476342481 -0.21617960451950705 -0.18143589480359892 -0.7209043091277229
235 -0.9642662439885713 -0.09049403153323958 -0.006173092267463117 0.2489243537560993
236 -0.6546626232223437 -0.001045255046158716 0.11412327762671981 0.7472560703676235
237 -0.5395932984381567 0.05089362882237524 0.10402905191478035 0.8339225786508198
238 -0.6269121228370085 0.0333490925304443 0.11551573878197288 0.7697565474622781
239 -0.6369221830840158 0.03733577874220876 0.06038738704025191 0.767651962680781
240 -0.6834888123233187 0.039468354920392267 0.034835064185548846 0.72806030704326
241 -0.7211729924220756 0.021412113053645095 0.042582264564498595 0.6911134401530086
242 -0.667388963609985 0.021862590006676737 0.05315409400450913 0.7424881417910657
243 -0.6400407709748143 0.036859195181772615 0.058730644430994974 0.7652058040979809
244 -0.7368318308332769 0.01579413114965632 0.023138902245417585 0.6754953661535996
245 -0.6957420829941252 0.013698613071273142 0.04409844116281185 0.7168058519835964
246 -0.6933379448615729 0.025816559880389042 0.04290058593096227 0.7188710170662418
247 -0.7444641562835546 0.011925148924882719 0.03464532871398901 0.6666562922754381
248 -0.7015295794722454 0.025410649433901065 0.041775756850805645 0.7109608527622207
249 -0.7080831765986083 0.029285773807601095 0.03717469895840018 0.7045414112938049
250 -0.726266444496824 0.016486731756988143 0.03495081393706113 0.6863262197228457
251 -0.7209350543181146 0.023383354206812104 0.029103974292945953 0.6919962607425938
252 -0.6845861503715118 0.040679517708568036 0.03209876664220462 0.7270877861294064
253 -0.7250823700304754 0.030858394366592833 0.03116182950355446 0.6872643280064055
254 -0.6790437793942466 0.03081309623137503 0.03888810130269204 0.7324191520868943
255 -0.6801761122014606 0.05339113484844375 0.03243770355096331 0.7303818443105231
256 -0.6585467201432074 0.056998551688252005 0.027774349392540917 0.7498639663364862
257 -0.6916000195037556 0.03384010800910991 0.03278782429952319 0.7207421305085752
258 -0.7409786676215049 0.020105589454756944 -0.005765110843111036 0.6712027584117207
259 -0.7030569665993947 0.040331062203268465 0.0005259294053964374 0.7099887538094346
260 -0.70568294300435 0.06371596422452244 0.002925650794612683 0.7056509763495596
261 -0.747488762842124 0.02690188689504978 0.02121771543515731 0.6633902670811123
262 -0.7685169236484031 -0.005240659242778017 0.019783891368511025 0.6395020494095501
263 -0.7135909955584353 0.0070781921164278115 0.03940991651962528 0.6994173637637261
264 -0.7030110459937433 0.03447563672457496 0.035109157518081274 0.7094746272711863
265 -0.6922900380388299 0.04806093378758033 0.01285159202513025 0.7199024145383045
266 -0.7554325246576404 0.03258064463682443 0.011129467820277118 0.6543212798239639
267 -0.7714123010993394 0.013244696300629558 0.008639031689830233 0.6361391411192903
268 -0.748495198804122 0.020580596236122004 0.022897046772740327 0.6624251668489284
269 -0.7933156102849599 0.008543929515754367 -0.014756091077868684 0.6085717718747172
270 -0.7537011782123243 0.024440609237835198 -0.005256145414896302 0.6567416261489866
271 -0.7643390350425031 0.015894508522451275 -0.023092319838500807 0.6442048966544739
272 -0.7321882557934702 0.009366522910396373 -0.008700801747929806 0.6809823216322344
273 -0.7658311594145797 0.024837096868628183 -0.027745821271392763 0.6419625559881472
274 -0.7887566657966008 -0.013524068928570504 0.006733865246625153 0.6145198750080302
275 -0.7741776503466689 0.033472286859994815 0.0010295579951697964 0.6320818868836596
276 -0.698514358703372 0.04437218876702285 0.0027730606713566616 0.7142136302842126
277 -0.7085431592851659 0.042455447142306 0.044093821303310445 0.7030077249653909
278 -0.7524215076686709 0.07849044442107381 0.009528496513221624 0.6539192096019082
279 -0.7609679039955912 0.028043940533485752 -0.009057749795974276 0.6481198528486412
280 -0.8112667574625351 0.011345794397890102 -0.014911373250806966 0.5843758825734342
281 -0.7379545077683872 0.03429724230812634 0.0033496876157209244 0.6739700462388905
282 -0.701887168773092 0.0333122287404732 0.00605038173589086 0.7114830220102835
283 -0.6699532012339374 0.04857837422993828 -0.004724527076421847 0.7407972249931014
284 -0.7054561363102546 0.039923080105233454 0.003706143425752323 0.7076185779910151
285 -0.5776522408998405 0.051268210152654925 0.05509796043243687 0.8128060494160471
286 -0.8446353239472213 0.006566510354955887 -0.03158555087473803 0.5343691640226542
287 -0.7952466921565452 0.07023888502763706 -0.04081044840399203 0.6008191948874575
288 -0.75171790791846 0.1307452781290522 -0.05617726430620539 0.6439487356433905
289 -0.7449028589363093 0.05466003963652213 -0.025665341026018636 0.6644345724640348
290 -0.774455808182503 0.0727061510633955 0.003081800237833128 0.6284286111223986
291 -0.7440475902836372 0.05919469924324491 0.011961133800879391 0.6653916908504434
292 -0.7523939222549136 0.06465336759008161 -0.01834098218029481 0.6552762289186072
293 -0.6308456749007904 0.2781544477162636 -0.32357157418241894 0.6480472776393232
294 -0.7263715378364834 0.10534066733413473 -0.021203496822556688 0.6788506054715995
295 -0.7558401131212433 0.03298934017160796 -0.05200545218283421 0.6518534035925309
296 -0.7955746235682836 0.02391757204808898 -0.04072108453665392 0.6040122195416802
297 -0.7321740073709014 0.0643752216070645 -0.030880326271864964 0.6773650856243031
298 -0.7678575555193278 0.04937860085146129 -0.029730121048615606 0.6380224511036185
299 -0.749531820287795 0.009495343166083133 0.013290385456965731 0.6617667674404846
300 -0.7939813996359978 -0.04102192548577874 -0.009429707519342643 0.6064831566314113
301 -0.767348300786265 0.022805972604075582 -0.005592460661866502 0.6408004348295647
302 -0.798654891511858 0.02281436889180085 -0.03560340928491116 0.6003018124939674
303 -0.7717911307923064 0.011292398098249034 -0.09663702978716401 0.6283885873004365
304 -0.6894618981468784 0.1440297988294428 -0.12078664438947016 0.6995057502193857
305 -0.758075359234064 0.11105040410156114 -0.06369991975626219 0.6394778164206094
306 0.06203312483120182 -0.7517121823426777 0.5045857668777975 0.4200879553208235
307 0.006215713898454176 -0.49519096359150117 0.8482693390653067 0.18758039044569955
308 0.13897321931876278 -0.5347763517452155 0.8142158997640023 0.1781941819974846
309 0.3426782844728916 -0.5193021180273342 0.7821316162058496 -0.03416194511830648
310 0.6218363650905017 -0.42476861581010594 0.5943148119182743 -0.2822783420816153
311 0.8949723534110341 0.0015802000435583316 0.17028710047603218 -0.41234002111025186
312 0.7965688912608738 -0.007983701521258988 0.0705398728249652 -0.6003652124559511
313 0.8196278670425512 -0.07687219459311885 0.0893523831967317 -0.560639792453925
314 0.8120481798759224 -0.04099460559815261 0.0921229396046986 -0.574813500076888
315 0.7779219608457394 -0.05562279469929848 0.05959263743534261 -0.6230507564454597
316 0.7859347622045649 -0.047880230377750285 0.08363484250741271 -0.6107530157241859
317 0.7804490007748459 -0.03864832134888258 0.05031715503626627 -0.6219918394605466
318 0.7888193198835838 -0.05284962398002596 0.07052874525126968 -0.6082735354401437
319 0.7804607020437323 -0.041074245700866534 0.08028489835746785 -0.6186665774076052
320 0.7738996623257038 -0.05363360851816617 0.060871978841907474 -0.6280902410333662
321 0.7673167509891804 -0.048293143389054556 0.08210712523863627 -0.6341539213298765
322 0.7716887237857682 -0.05176496738995305 0.07226512134811924 -0.629757615253322
323 0.7805759312345621 -0.04848353964028351 0.07708008967840606 -0.6183924496114213
324 0.7791689534751666 -0.05285513047011257 0.07597537772619108 -0.6199433999187052
325 0.7832161341821641 -0.048308043805098615 0.07086640266155723 -0.6158057916537331
326 0.7819051268309021 -0.04932930363882959 0.08246420702931873 -0.6159469514471883
327 0.781065521295662 -0.04819248470459217 0.07073416745279895 -0.6185554246919938
328 0.7800130127844569 -0.05119988690538753 0.09131754903110684 -0.61694357659898
329 0.7813305406806407 -0.04809738796453918 0.07187313457362085 -0.6180966591053931
330 0.7840623065558548 -0.04381579635530514 0.06997486761218598 -0.6151666386685155
331 0.7844828528952289 -0.04706555716182174 0.0720124048857533 -0.614154459712685
332 0.7861431562751857 -0.04757737363131073 0.06214374644694409 -0.6130689081478309
333 0.7830152253147725 -0.04089913070648876 0.07098174582570572 -0.6165841465625308
334 0.7818783648819543 -0.04346538515582699 0.06447144931521823 -0.6185631859769641
335 0.7891545877079069 -0.049418298883382096 0.07617839573075269 -0.607445240708103
336 0.7918690476104407 -0.044970511760187126 0.0725323354622244 -0.6046983750771586
337 0.7838187393875702 -0.043114846079228136 0.07396684468291315 -0.6150595090884287
338 0.7750125302790948 -0.0504580648823313 0.07265168103875014 -0.6257246158183081
339 0.7786682013298167 -0.048583393795032015 0.06910337491533253 -0.6217235797848235
340 0.7771465154050237 -0.05070532932746622 0.07051705588183681 -0.623297367234437
341 0.7938856875824181 -0.04458781111150858 0.06179850632882026 -0.6032730615298535
342 0.7911165408926987 -0.05209093213070374 0.08035167555810578 -0.6041231345932139
343 0.7765473431979801 -0.05202688204762846 0.0795688499296454 -0.6228452660472216
344 0.7876105170386619 -0.045788795070852165 0.06192016814757336 -0.6113419276253081
345 0.7852660987034876 -0.04703779685120528 0.07015541484200292 -0.6133700495318757
346 0.7833834724105808 -0.050826842148184136 0.06444503003206974 -0.6160956138257679
347 0.7806269420757028 -0.048658030795260696 0.05913510679963023 -0.6202878464781181
348 0.7720578308096547 -0.04656641114277146 0.07100789923351584 -0.6298540731671232
349 0.7823068665355681 -0.030339210871079096 0.044837769529499895 -0.6205361176262348
350 0.7412313455102356 -0.03176403797221369 0.022476917244260538 -0.6701208297881659
351 0.7911481270507918 -0.05540461928815481 0.08858690015147368 -0.602633661810483
352 0.7712634236020381 -0.0674258355329567 0.07460189740039766 -0.6285229073157208
353 0.7390427437161737 -0.06893560312433579 0.036814084202070586 -0.6691101768667974
354 0.7410146020452019 -0.033589608870426724 -0.010886570503194692 -0.6705599006161954
355 0.7517640836484404 -0.04265688615350877 0.044752910846489954 -0.6565274781535602
356 0.7346391617054426 -0.07861055938314333 0.04826917181275049 -0.6721575478224618
357 0.7207993986369954 -0.07854344561716677 0.028188298665595145 -0.688102153675941
358 0.7891398341095399 -0.03958962418979597 0.022946194097829095 -0.6125066987833712
359 0.7743582039138838 -0.033444896353861865 0.0006195642194633048 -0.6318626647297034
360 0.7767875764352078 -0.04407943074315912 0.019695247518308198 -0.6279093581930976
361 0.809145620833118 -0.03793896165380437 0.011916219508986923 -0.5862610367300839
362 0.7925259021898922 -0.027375378702056155 -0.00668377117544352 -0.6091868434248157
363 0.7932845035856506 -0.01624744080977663 0.0018519860593241289 -0.6086314871789306
364 0.7781846706526988 -0.010205961752763164 -0.009915226571655633 -0.6278743066791987
365 0.7660317874288501 -0.014484326532132942 -0.016880061700706776 -0.6424177522846423
366 0.7736039279735526 -0.03921835389046852 -0.021747574763135723 -0.6320806327787098
367 0.8367889517912351 -0.015512818645995761 -0.02606238728508501 -0.5466848768594067
368 0.9484547252090701 -0.058047130274950176 0.004864337508926974 -0.3115132470955761
369 0.7695048183790606 -0.07400561208465241 -0.011095409271635286 -0.6342415910080953
370 0.696534928341464 -0.12703708165874836 -0.010546905259814795 -0.7061086575545017
371 0.8194320680493511 -0.052880439421034674 0.0007542723523199259 -0.570731264302404
372 0.9432239399305902 -0.0005513413441860485 0.03272031106957812 -0.33054148969236313
373 0.9580378869358043 0.12036798151743203 -0.030837457613651337 0.25830990578939145
374 0.8941961565194423 0.12832868766314426 -0.06608187610127123 0.42376664243360224
375 0.8114650571324178 0.1125093845690909 -0.02909829314914475 0.5727297694137895
376 -0.958920619262066 0.054954650798557714 -0.02381991963577616 0.2772793604619887
377 -0.9939845022882824 0.013600818739023501 -0.1028575141619946 -0.035073618586607916
378 -0.16560467358599662 -0.11198443384105868 -0.04071814657870299 -0.9789671144645097
379 0.9862075612114628 0.0006395040155463172 0.09214543030953554 -0.1374898429594848
380 0.7556107590628771 0.10397417558296204 0.016254814107079584 0.6465118193959103
381 -0.6570350623985001 0.0823806935974569 -0.06951781460539189 0.7461136787071332
382 -0.9904923234759958 0.00552100207358128 -0.0904695433346939 0.10348786112408911
383 -0.9941564547091922 -0.01076001776597857 -0.09163017924364701 0.05604530158276259
384 -0.9861736837811996 -0.0002439017444353871 -0.09316378354841631 0.1370471282599576
385 -0.9883280435462589 -0.01914810852043825 -0.12186096543820865 0.08939202079929312
386 -0.99116734475287 -0.005970800871829135 -0.10688757068960592 0.07827318483726634
387 -0.9938165576909883 -0.02035813818951818 -0.09915438629323493 0.04563555135530718
388 -0.9920657279962516 0.005811414474012837 -0.10446883324219375 0.06969994030193627
389 -0.9949790335851623 -0.023987045528244134 -0.09700200758974924 -0.005652866204021432
390 -0.9895475106837943 -0.01171294500002859 -0.1425749321994919 -0.018191199170008412
391 -0.9862346176647411 -0.03218212095255312 -0.11548897374713149 -0.11387663040989417
392 -0.9849136901036255 -0.026770208791665355 -0.15475014299443493 -0.07266892190552972
393 -0.9867882737675161 -0.017881336586013215 -0.12050219741152886 -0.1068100228247151
394 -0.9832632256207683 -0.023860141596676213 -0.14501203300668503 -0.10768302126192715
395 -0.9776416183464063 -0.022930360266755462 -0.14947384420206078 -0.14611171942905365
396 -0.9693028269156728 -0.027710306398014105 -0.14989160032004967 -0.19291624298152774
397 -0.9637442975643677 -0.018833975730112324 -0.14699453316616198 -0.22188920093060654
398 -0.9517188768101693 -0.03273456200588477 -0.14889258598959676 -0.2664406609562497
399 -0.9505842087723445 -0.034883224914283154 -0.14827837926296833 -0.270529748632905
400 -0.9364951820383264 -0.05112205144565186 -0.140764286174274 -0.31709419044321374
401 -0.9269299950210901 -0.045924181103948955 -0.13502589442636467 -0.3470731360311455
402 -0.8920421787691534 -0.05976274459780581 -0.1493439840829092 -0.42235712385748037
403 -0.9091361338232915 -0.03428161893218985 -0.16499569427934352 -0.380884079018149
404 -0.8774129190802331 -0.06321496434299577 -0.1407532520570422 -0.4542454840167205
405 -0.8788893480036792 -0.050087267999296504 -0.14154646571442184 -0.45277961260837524
406 -0.8827803865433781 -0.048452835258885794 -0.18454922134324864 -0.4292932526738566
407 -0.7428977636654656 -0.05785043267857263 -0.14319987161821957 -0.6513447911423546
408 -0.7752432493728161 -0.051253397220332515 -0.13526470516666064 -0.6148775919737429
409 -0.7745868877976471 -0.06715896551904055 -0.14967732748596174 -0.6108203698625544
410 -0.6470777569830061 -0.04954423929154023 -0.13148168539363955 -0.7493652721983535
411 -0.6538969849401661 -0.07804810237608872 -0.18593940364499859 -0.7292144848902782
412 -0.5779827566326423 -0.05495134121917722 -0.08410950202380851 -0.8098406477837798
413 -0.6327165079027167 -0.11148578784674364 -0.19685485475907102 -0.7406003685479554
414 -0.7472911070843805 -0.08194147281581086 -0.13923279162849772 -0.6445586288621942
415 -0.6567110812583757 -0.11016173573221526 -0.18416664171885516 -0.7229644498942664
416 -0.5309551156621048 -0.07777226893737876 -0.11491418882195847 -0.8359622410994196
417 -0.6280374383138617 -0.10237684133140279 -0.16725621557257092 -0.7530692642695681
418 -0.6559009320575685 -0.08430786728432389 -0.12966607492582172 -0.7388320917862954
419 -0.49663003733047006 -0.07140438234102787 -0.17094566114933046 -0.847960848823724
420 -0.4874699438712654 -0.06990652092244135 -0.11740240162042756 -0.8623820546883043
421 -0.410514577516513 -0.05833469777857762 -0.13102776381917922 -0.9005035090381749
422 -0.41405963275211266 -0.07200488839578181 -0.08046846242680472 -0.9038222962103573
423 -0.5768936200612504 -0.08274340567321582 -0.0805163708343627 -0.8086188187136671
424 -0.4385146021435887 -0.07104875616390377 -0.050661233658703876 -0.8944777567712853
425 -0.5906393010501593 -0.05424556246217893 -0.07066269411358529 -0.8020033782152983
426 -0.49260648959191916 -0.0625023925109239 -0.06434726133513911 -0.8656163857627721
427 -0.6123729999443852 -0.08449031063884023 -0.08564056828801457 -0.7813618812116266
428 -0.48091721036819884 -0.06198180368038326 -0.05026479896801644 -0.8731267621421881
429 -0.38753318952602367 -0.07449948623930973 -0.03289064813073873 -0.9182516315430133
430 -0.5770431823740728 -0.06784983914811157 -0.06462079558193465 -0.8113209708749897
431 -0.4878986668829725 -0.07782085005490011 -0.04832126115617303 -0.8680805618551932
432 -0.5565741570765995 -0.07724666786284949 -0.07627148722946225 -0.8236751909669036
433 -0.47955757235154484 -0.06585240048319421 -0.04875197723550321 -0.8736768515111996
434 -0.5484213200903633 -0.08685414778685145 -0.07033957544309404 -0.8286994369547069
435 -0.5078458966800575 -0.07567290550607059 -0.05250025781274976 -0.8565102915476804
436 -0.5393085342755195 -0.0663636251133013 -0.06497249261823371 -0.836971175920883
437 -0.4681157770081515 -0.0684734520607468 -0.041225950770782276 -0.8800451276281145
438 -0.5695783201125826 -0.07312535710793923 -0.06511092682382634 -0.8160844237048683
439 -0.4938717376160369 -0.07882280169514665 -0.04039851164716383 -0.8650119264921946
440 -0.47100625880787883 -0.07730980789251712 -0.060831554348745986 -0.8766275262407307
441 -0.5118710503010111 -0.0642815225883273 -0.049046332571336414 -0.8552487187823014
442 -0.5769318052425243 -0.06976899756596723 -0.05743387795847303 -0.8117778814065417
443 -0.4846718420852305 -0.08575498255103528 -0.04359005897050181 -0.8693901283177359
444 -0.5500647101304713 -0.06879855089200933 -0.04775830331515668 -0.8309119800127434
445 -0.49622976659537155 -0.07274430127700608 -0.045572628610344335 -0.8639371625864736
446 -0.5041213433834879 -0.07578314062130334 -0.049138066833421916 -0.8588969886608483
447 -0.5338045124555347 -0.07788228870844621 -0.058049383248665196 -0.8400103336817308
448 -0.4744037520578574 -0.06906648689268878 -0.04057559875686876 -0.8766553035299852
449 -0.4806531020270369 -0.06789384810566833 -0.049172597373564234 -0.8728946537634015
450 -0.4734614999658835 -0.07810114701985123 -0.05182124823173763 -0.8758133232121694
451 -0.46652830115673444 -0.07268649636646402 -0.05866892965164713 -0.8795601026418316
452 -0.47231424547371037 -0.06905412542840232 -0.0322105596242349 -0.8781305490259474
453 -0.519814604143381 -0.0759052773465576 -0.0526863127559803 -0.8492675188881189
454 -0.4782127691245284 -0.07412865377134191 -0.04642953599094747 -0.8738774446820128
455 -0.49049010341066634 -0.07535007315322464 -0.03885730422814226 -0.8673130546925483
456 -0.48742207339767973 -0.069031184475684 -0.051648549364239994 -0.8688997901272395
457 -0.5108903653616851 -0.0771308633098606 -0.058370218017427186 -0.8541866202149725
458 -0.47558705378634986 -0.07090633777911863 -0.03833257137553877 -0.8759679557525563
459 -0.5527757637046274 -0.06508689776287908 -0.05469636505790293 -0.8289818806522994
460 -0.5102145886730993 -0.08126529638393747 -0.04943284883452213 -0.8547709743345722
461 -0.49838245106882373 -0.07176536470944733 -0.04581269823144061 -0.8627664003515125
462 -0.5187245211332755 -0.06452504734587286 -0.048285602614320286 -0.8511344723486641
463 -0.4549364106629827 -0.07679962057554768 -0.03649476321182383 -0.8864551950271636
464 -0.5071890240219176 -0.07388168126510182 -0.04702885687281102 -0.8573733595735135
465 -0.5006902731610438 -0.06842273929375518 -0.04672400323618575 -0.8616521610435636
466 -0.5048171594194049 -0.07083843534430312 -0.05537418320819182 -0.8585308680925339
467 -0.5047491791978108 -0.07063539056746385 -0.04142118830752904 -0.8593737212980802
468 -0.48546790931563566 -0.0656459096695233 -0.04520591228196344 -0.8706135474842567
469 -0.48345884471093065 -0.07625554985018725 -0.044806873557373346 -0.8708874672825598
470 -0.5372162220436041 -0.07009373338308374 -0.04249534102577617 -0.839452050628695
471 -0.5158856556203051 -0.06574228122066915 -0.04663464461323676 -0.8528570529150283
472 -0.47277268871680095 -0.0814494003474479 -0.04503786801840709 -0.8762554253360628
473 -0.5080774116753267 -0.07210043201158767 -0.04009400344640123 -0.8573513529100442
474 -0.5201588509250281 -0.06784924340614544 -0.039362365844008776 -0.8504597898364921
475 -0.5019164996172429 -0.07401144507996489 -0.04879736736631107 -0.8603609419001229
476 -0.47401677349733157 -0.06859365485075379 -0.03949007347584617 -0.8769512774688613
477 -0.5412861116386797 -0.05905311775313766 -0.052297748729694914 -0.8371302288822919
478 -0.5319358851155205 -0.07681261471569563 -0.032465145104457215 -0.8426684108831021
479 -0.5562058346517701 -0.07629585869200822 -0.04956438998530232 -0.8260492616612896
480 -0.5243142225866626 -0.06965019311072505 -0.03902191255288383 -0.847773989300036
481 -0.48465751980040045 -0.07203892732122688 -0.05750192946506873 -0.8698338976834172
482 -0.4933535311996895 -0.06590965407074093 -0.044146107436747475 -0.866203978258733
483 -0.425531136997365 -0.07581557067559291 -0.04117794741164539 -0.9008216401351755
484 -0.4775159759248951 -0.07068264516508316 -0.05110228393472845 -0.8742831423432664
485 -0.5121516507378014 -0.06801564215536862 -0.04640809189661655 -0.8549390902720809
486 -0.45246670874887485 -0.07527111345346997 -0.05022997318687904 -0.8871781595300242
487 -0.5214913589073636 -0.06973411080772039 -0.04065384810660218 -0.8494299153013939
488 -0.4298666454263659 -0.06926640150751064 -0.03546372628486628 -0.8995327436453191
489 -0.5096451828076395 -0.07004966223659824 -0.05008457268354869 -0.8560644648860345
490 -0.5178541588973523 -0.07900337940797857 -0.031938144599601606 -0.8512141276285126
491 -0.5795650027932566 -0.06507543967941795 -0.05442212666708943 -0.8104985051292902
492 -0.6324280255085745 -0.07125734542635156 -0.05193059432476809 -0.7695845610764238
493 -0.7074988955466731 -0.03495485845931638 -0.04688369813294688 -0.7042906995834218
494 -0.7777580555041136 -0.0646257991856191 0.0067464564572305465 -0.6251962879795038
495 -0.9985793889876204 -0.023340876934806222 -0.03606751513253798 0.03152049658854896
496 0.6373630619259282 0.0912964939503119 -0.025315998543457962 0.7647171880522456
497 0.7692092848713719 -0.07379696082312136 -0.018069839412556316 -0.6344639986197386
498 -0.6452981090171873 -0.09515472359268934 0.07353363638638909 -0.7544062124589349
499 -0.9989750124946936 -0.00868244125469309 0.019837649590120816 0.03974930545085352
500 0.11852519024360647 0.1516724078639618 -0.05132137522176782 0.979955803297175
501 0.7257422559388728 -0.11627537332615809 -0.019649832244669325 -0.6777847000304557
502 -0.3914508511595969 -0.18456178554221267 0.05879533106191095 -0.899581173374153
503 -0.8502325741831095 0.07027442763198942 0.030412649993392982 0.5208081655843533
504 0.023214379990176635 0.199542485569886 0.03649395111149008 0.9789341553682431
505 0.9938058705822796 0.03010234477941104 -0.10679848479233543 -0.0061501285385061845
506 0.9728771923950801 0.011436607260887742 -0.08030165742316828 -0.21663521492804055
507 0.8530756110037886 -0.05783031086934755 -0.0038026364467891893 -0.5185587691007846
508 0.8028955853997893 -0.04089263560624647 -0.06585641367081439 -0.5910578686365007
509 -0.16677135783733577 -0.1429447470130706 -0.09381973247515032 -0.9710571411120728
510 -0.983212098974112 -0.14657536331726478 0.011280164145543156 -0.10808510163839634
511 -0.8509323160515898 0.04350756660902415 0.029015887741953322 0.5226656325083799
512 -0.8620555387815871 -0.00023527066628318085 0.055298979566707845 0.5037878676214642
513 -0.7427539624580555 0.06530838850550033 0.07820567688923087 0.6617667547905146
514 -0.8594071125789863 -0.004120850708317019 0.05776028895521557 0.508002148083942
515 -0.8674601187022283 0.03185857512055202 0.04226516064211093 0.494683363221668
516 -0.8263332728936311 0.03755010653773437 0.07186988069002315 0.5573132259847299
517 -0.802647984722433 0.020303896707216225 0.07848458756106866 0.5909180433147126
518 -0.8139158891639403 0.032337585521289305 0.05954481581115653 0.5770178687347048
519 -0.8031233964073068 0.03473464759711816 0.06280037763562862 0.5914747897994626
520 -0.8149411294782637 0.03093466904596914 0.05961397882545725 0.5756389278569565
521 -0.806124551746016 0.05273874416654164 0.06846089833103174 0.5854015180504137
522 -0.7542947453592309 0.07064711634466658 0.08961418168518798 0.6465428992081889
523 -0.7182770362151266 0.03395421995085392 0.07730203195379017 0.6906153821407092
524 -0.7708991433886997 0.02513839815434901 0.038067278177676384 0.6353215359114988
525 -0.7539410009498937 0.043953678941062294 0.05239092000173385 0.653372965996903
526 -0.733540240797818 0.059052981696189784 0.03462137541487625 0.6761899295667239
527 -0.7261388306629057 0.07774983684269735 0.05533439311303475 0.6808931387620629
528 -0.7808972024189288 0.015290735299464321 0.04529947294437747 0.6228271914578345
529 -0.7326958635665247 0.04130399954708802 0.06250721699847173 0.6764196914320462
530 -0.6954675676783039 0.07545420331691499 0.08041774104601244 0.7100454298384647
531 -0.7297010558382302 0.016308599045896925 0.05772727377203928 0.6811299146040941
532 -0.7051142360215031 0.09328987924904011 0.03002947138175408 0.7022885044182654
533 -0.7282808379719289 0.02537742563140093 0.09206446304470728 0.6785920290981302
534 -0.663117857822858 0.052858160517785434 0.05416866602180848 0.7446787744554815
535 -0.6844114282620996 0.026723448906063818 0.06903724969191628 0.7253280032494085
536 -0.6275054764676076 0.05918838092346135 0.09516181573743342 0.7705049262609388
537 -0.7699190524916028 0.00104581643433076 0.059525437143052494 0.6353583880073882
538 -0.7266326448628391 0.02879736694491551 0.03595955662420678 0.685479847525852
539 -0.7677296955946368 -0.00922648539444347 0.029136390226359388 0.6400445744118215
540 -0.7333248985214083 0.017993398069398356 0.05754175911438094 0.6771999533317357
541 -0.7001384015396218 0.015633856108433986 0.07617084466498451 0.7097603846762278
542 -0.6995053216950073 0.05598408013072413 0.049283536181869377 0.710724433767189
543 -0.7865794081116081 0.0024105058882342625 0.01818632691720948 0.6172165598146372
544 -0.7178441201526949 0.030886486195427342 0.0542679730337191 0.6933980323274033
545 -0.7466819421024395 7.689983361248062e-05 0.044981190203319255 0.6636586200392771
546 -0.7320459618893446 0.008670674323688007 0.07281478731841623 0.6772972285754981
547 -0.7128520722681396 0.030217707424199124 0.061367543195989534 0.6979705136057918
548 -0.7659056674241808 0.014537360525476297 0.04116785253604151 0.6414689249480783
549 -0.7069542848603548 0.016710162619730195 0.086149641151681 0.7017938792211307
550 -0.7089643524771211 0.036475831574428574 0.06762411189044369 0.7010463894199008
551 -0.724862970022921 0.005320931740783299 0.056577822620298694 0.6865452005239755
552 -0.747625854971084 0.022418426295279435 0.04820390775390954 0.6619889564172889
553 -0.749801426499283 0.008172175506321136 0.057982406125253794 0.6590668228238016
554 -0.7334506212444523 0.011226029095528223 0.043514489700653455 0.6782555946344749
555 -0.7091057839455649 0.014602476307615334 0.0533776556284724 0.7029271518018347
556 -0.6187602504160669 0.01321731263903958 0.03794367085140131 0.7845516764330879
557 -0.6126016458769772 0.023191119840889996 -0.008057040407717367 0.7900104300129288
558 -0.9309707627634097 -0.08808440542360697 -0.041796973220949524 0.3518346052201971
559 -0.8409068195453268 -0.005035740221422492 -0.010428377898599722 0.5410560147498497
560 -0.8916062703381973 -0.055782870598363135 -0.04773357517319326 0.4468199143308193
561 -0.9938554091622949 -0.10808673554094975 -0.02382042189373019 -0.0011272886733673282
562 -0.8430622892186419 -0.058084666652305585 -0.14308405687357997 0.5151690020429333
563 -0.7246347369860513 0.05243929529323511 0.049261914839104914 0.6853669688631703
564 -0.8928635064409589 -0.07826244535329711 -0.07336255274028308 0.4373644754306266
565 -0.7436120650623403 0.034940404797166334 0.007302060853005757 0.667657805102008
566 -0.831456782096904 2.9063817068327808e-05 -0.019257929432482803 0.5552555725198347
567 -0.7636537883664315 0.002654826362488017 0.015408569402510734 0.6454366114496067
568 -0.7795358325519287 0.005062956688541761 -0.02045623295077532 0.6260030309595994
569 -0.8659998918683717 -0.039707353366246874 -0.060576246148904916 0.4947706860507441
570 -0.7463138595460181 0.006096075592404 -0.00793784280556212 0.6655189340383127
571 -0.8153616061138109 -0.021282651533442068 -0.022605675172766484 0.5781189181035301
572 -0.8181986132524757 -0.04441448644991053 -0.048039924420939725 0.5712009701731491
573 -0.7850835726983821 -0.02382079159532209 -0.02264867682534797 0.6185170904712153
574 -0.8208682585184911 -0.05023732558132511 -0.06658817088845165 0.564993388255992
575 -0.7542155635875867 -0.0021192647878976027 -0.026516363898857257 0.6560878560106117
576 -0.7942195870099655 -0.03120935734827311 -0.0460863637082118 0.6050762519747259
577 -0.876535117399335 -0.051560245209496404 -0.08603728821825089 0.47077097841277377
578 -0.8512251730446051 -0.07436243857590859 -0.059717876086104585 0.5160617286526789
579 -0.2899287582026086 0.12836613197623167 0.13402172137088722 0.9388831820462747
580 -0.9224490655931395 -0.029187858236203068 0.014502242825893501 0.38474078971555115
581 -0.8192924488893076 0.026670902171623632 0.015113601467404432 0.5725557835014833
582 -0.7718981574221505 -0.21525212021663148 -0.0925322318145074 -0.5909970773074601
583 -0.800973902035738 0.20585281260648966 -0.4482789555744948 -0.33928071826834094
584 0.438861106467104 -0.04024367023639312 -0.3419580139113008 0.8299675252431339
585 0.6483617574003381 -0.04244218814692315 -0.01028105417966914 -0.7600789380919596
586 0.5137426501986971 0.0373140627144135 -0.08210155104051135 -0.8531913533359948
587 0.781090505650184 -0.05495675618112673 0.117227560905152 -0.6108478336684323
588 0.763158953306234 0.020619961182936884 0.089738947100712 -0.6396171906403105
589 0.8185812069502476 -0.05682374988361069 0.16905652269141028 -0.5459997813301114
590 0.8186375593053681 -0.05313307781307029 0.11715489305347268 -0.5597179232169446
591 0.7833776997974397 0.012461837605253441 0.09565097444670745 -0.6140154502542815
592 0.940274662778433 0.12568985253022422 0.12035309047901654 -0.29257606381928164
593 0.5881230729628428 -0.0775119452686817 0.10442992857161243 0.7982465404923066
594 0.11240717248137108 -0.08153926490751033 0.027094056948004954 0.9899403456426981
595 -0.7281539242625593 0.0765394176293487 -0.10691020622888632 0.6726840178970303
596 -0.7522206502109433 0.20309502463308227 0.08437095073423545 0.621126434019447
597 -0.9512747080759717 0.0635336883518064 -0.11701858234749385 0.27811248013128287
598 -0.7285358677488716 0.151608537401784 -0.14812745494504417 0.6513897434576281
599 -0.7216372661847441 0.015876134856353644 0.15791090969908406 0.6738336211509778
600 -0.89123048630673 0.07615449859958691 -0.22868717246086456 0.38420162645721584
601 -0.778906937324267 0.09274587364288936 -0.09423749337406585 0.6130428049923761
602 -0.8498650106604941 0.08388444969420543 -0.11928288300951981 0.5064231990889394
603 -0.8180196816736258 0.08411342415616047 -0.12749109726857824 0.5545401269417387
604 -0.8183912189361501 0.09076286047379349 -0.10088525077658465 0.5584085261728752
605 -0.8210964640710618 0.08778273550482024 -0.11539891240818154 0.5520669153755721
606 -0.8068548253099658 0.11838642829359404 -0.13390553019102208 0.563062388598432
607 -0.8140157007347297 0.10847599714918502 -0.1138341352696466 0.5591539918906497
608 -0.8146488217944714 0.09074949704529321 -0.11951535962389886 0.5602034494260776
609 -0.825728235828152 0.08578395903299567 -0.10844686203195052 0.5468576332503516
610 -0.816416175213217 0.11069168398630945 -0.14363924152217863 0.5482515373817296
611 -0.8147185698328259 0.08898264642832633 -0.10247922153677137 0.5637497226228882
612 -0.8084134771284833 0.09906160566898758 -0.11536194123034224 0.5686352704457265
613 -0.8398729278678229 0.0807312481675219 -0.1324026308746925 0.5201590852244193
614 -0.8107217698133428 0.10338415472757911 -0.12212750986356945 0.5631401245129928
615 -0.8223383061727942 0.08886948819822929 -0.12007326086567818 0.5490394669723911
616 -0.8086052081565563 0.0996871991222583 -0.11403524039667813 0.5685209262823342
617 -0.8212713657198273 0.08979902075857325 -0.11681164848359518 0.5511846500929031
618 -0.8192442322774743 0.08322251998236616 -0.10627636056490676 0.5573313513817021
619 -0.8129222687129637 0.0958721689770854 -0.12643557898272478 0.5603391442809438
620 -0.8100870874031962 0.08852301697756733 -0.1118112467916384 0.5687010034971761
621 -0.8308556621004209 0.09062943146752366 -0.13576379208978084 0.532008804123529
622 -0.8296395037848147 0.08356102509320747 -0.14658065254125496 0.5321935373016461
623 -0.8467803858740663 0.07222506002488077 -0.1557069889209128 0.5034896745759067
624 -0.8238839879001473 0.06379577410845579 -0.17936485129910923 0.5338291147980797
625 -0.8184318369168546 0.06550305163421564 -0.13345377716653045 0.5550394291466999
626 -0.6794925515984116 0.11713741241782526 -0.062178186266770956 0.721597236751161
627 -0.8067984836058213 0.06382418411997007 -0.14088497903674826 0.5702228538515294
628 -0.8270411548918908 0.08108754408906596 -0.13664857915092557 0.5392169360514603
629 -0.7636406163269732 0.09585106817121551 -0.11214273675934554 0.6285615231767864
630 -0.8096725415826078 0.068396199331632 -0.1394788021957911 0.5659487601030461
631 -0.7692188859653726 0.08425138781817566 -0.05429623241515392 0.6310752160166189
632 -0.8535480748927324 0.014297156335811375 -0.11986106965434636 0.5068378430513409
633 -0.7221199765318619 -0.04569437724551152 0.080526166541659 0.6855437986619622
634 -0.8411898824029921 -0.032560297394615 -0.036818268128420144 0.5385014613800396
635 -0.7986311185919593 0.03640287869624052 -0.009146748984928094 0.6006492352631352
636 -0.7950132330432411 -0.011425427908318218 -0.0015705837241598338 0.6064824417491494
637 -0.8278283035955 -0.02748223914567852 -0.022952884051385333 0.5598376473688246
638 -0.8148244473718659 0.001345937692734523 0.0027784106555188855 0.5796995677513397
639 -0.8295574902479045 -0.022056562214596613 -0.03464031535992449 0.5569092627965857
640 -0.8095406101884398 -0.014860452753192104 -0.02423889461024093 0.5863750023558066
641 -0.8376949171725229 -0.01502044038372425 -0.040777340730713166 0.5444068520848451
642 -0.8091860978082664 0.0009024447259676939 -0.015053283571413476 0.5873588710158943
643 -0.8331181859075837 -0.01389579696828851 -0.022706728382026226 0.55245397964252
644 -0.8205058540115536 -0.002510839083578156 -0.025140037797754086 0.5710795196112315
645 -0.8012533288745556 -0.00029532240154708474 -0.01987983934709054 0.5979948225023827
646 -0.8322206724694319 -0.028966825791422148 -0.033758765564415774 0.5526572365089076
647 -0.8221170419939091 -0.004066950442552618 -0.03850953803725504 0.5680000393111255
648 -0.8263670255275735 -0.014109593826903166 -0.03848955447887367 0.5616377949165889
649 -0.8336667406911327 -0.009367375058387967 -0.0512725788286961 0.5498028195727942
650 -0.8126223557306865 -0.014610082912685831 -0.03637450632316919 0.5814708485674407
651 -0.8362273918961213 -0.013898688856065156 -0.044098624353859917 0.546430129861806
652 -0.8174242901669507 -0.012404877929264216 -0.03423611717719409 0.5748839336155134
653 -0.8234459818326206 -0.015357434957928089 -0.043295553481824775 0.5655319259280831
654 -0.8322858612614206 -0.011992552305606606 -0.05639179926957366 0.5513405379696587
655 -0.8253802943216154 -0.010929410138136642 -0.038091711384204335 0.5631846404718601
656 -0.8242718125124936 -0.011555826453314334 -0.04662762373822324 0.5641527334657489
657 -0.8257476483353546 -0.006329760257604708 -0.03727546497942384 0.5627710858904182
658 -0.830813935601408 -0.008273037063253394 -0.04101109532291369 0.5549755411985868
659 -0.8249417709043962 -0.002458527469645466 -0.03310903055234369 0.5642418119527155
660 -0.8244654908432115 -0.0011830996460979002 -0.02888797274593978 0.5651731944408894
661 -0.8242568584439063 -0.00518096865507028 -0.03781742827654574 0.5649279874378021
662 -0.8315664118955325 -0.010384478947120985 -0.04328795650356825 0.553638526500759
663 -0.8173381301616136 -0.0002023664509384251 -0.029145777907579697 0.5754205971825291
664 -0.8347603922794506 -0.009171755906553765 -0.044257415547819194 0.5487551799701539
665 -0.8080479447440363 -0.0030011836063996667 -0.039505276217071596 0.5877829914542546
666 -0.8131627825937301 -0.009081463606259985 -0.052651684434299774 0.5795788265192415
667 -0.8186898784716682 -0.01584129515517576 -0.05214198805944753 0.5716442506813658
668 -0.8110019225562382 0.004179931024301013 -0.03959314479026681 0.5836872387437767
669 -0.8235291152857985 -0.0010880844826694066 -0.05263178018444767 0.5648260865641429
670 -0.8029560096689214 0.0084355101628549 -0.03895320116991941 0.5947042431524019
671 -0.8369468010283272 -0.018114874152678675 -0.008791517030985057 0.5469137160569079
672 -0.054241993707837985 0.6883127017889168 -0.674164904124107 0.26226916082905044
673 0.5413445402806005 -0.43902950559131154 0.5203201379218217 -0.49342287746075403
674 0.8171949638122735 -0.02098666063252384 0.043847982659042495 -0.5743076750419452
675 0.6820649007863853 0.610352497833674 -0.3365607263064634 0.22132369283815845
676 0.9333182611737135 0.13049104318832846 -0.032467736602616384 -0.3329188445960982
677 0.8037359138567014 -0.085788553055941 0.1290524452335835 -0.5744513654964483
678 0.8544116358477526 -0.012405172902593782 0.08101054752363979 -0.5130927395736021
679 0.8334449425763716 -0.041532036699740274 0.05911263446967603 -0.5478597576638521
680 0.8158548375460405 -0.029028410191929876 0.05102845369007235 -0.5752689217821986
681 0.7912556006601291 -0.05163591438077382 0.0875412820798563 -0.6029799587895561
682 0.8031954600305313 0.014665737841349433 0.04197852304157113 -0.594053678318012
683 0.7862054424207356 -0.022830418143908866 0.017725376382947983 -0.6172888994202571
684 0.8150291351014858 -0.0072465492800139536 0.046224433639425064 -0.5775277466875255
685 0.8079662898672512 -0.015478414080559014 0.047778187594980745 -0.5870844384974265
686 0.8180703531562207 -0.01718947173256603 0.04874292445754576 -0.5727910148245499
687 0.8008774525891669 -0.012466371879611516 0.035148258888509594 -0.5976658727111264
688 0.7983706580582381 0.00047437252127326325 0.03341439481497161 -0.6012383433726727
689 0.7943844811563422 -0.012724752842952016 0.04698272486776822 -0.6054618074883455
690 0.8107396548139854 -0.010565095281335679 0.04838534987352016 -0.5833081936604467
691 0.8064688956160231 -0.0003488862956344829 0.03794631632347626 -0.5900575190264958
692 0.8182916612413023 -0.014976547388942102 0.04547155591179828 -0.5728060734438987
693 0.806162308429088 -0.01331342512518508 0.0469194043749339 -0.5896809770314976
694 0.8136885242201534 -0.012952080309394489 0.04934717432423483 -0.5790579293596637
695 0.8032404907842832 -0.012901263769719801 0.05058820870875534 -0.593362540524263
696 0.8119660983292407 -0.014973140064527738 0.05425816820093676 -0.5809844330307625
697 0.7917006295721146 -0.015555536988232775 0.03898672872757485 -0.6094654817028177
698 0.8095541071990593 -0.005176905157698449 0.04031349497794559 -0.5856365505096018
699 0.8158247536070099 -0.005558797057999763 0.06521258858680334 -0.5745836662028757
700 0.8121790835871757 -0.012605749883117537 0.04274730364640957 -0.5817034461685276
701 0.8181832324541685 -0.002006360100195533 0.04257923476202315 -0.5733752535792567
702 0.799286599261366 -0.016536993809658663 0.048440365817180156 -0.5987662240277397
703 0.8162194705131224 -0.014601959068228865 0.04817676494956485 -0.5755445752204101
704 0.8079266118355285 -0.009204423048823072 0.05841301275324036 -0.5863086119317976
705 0.801712823040163 -0.0141032282433834 0.05134580324190566 -0.5953328957948913
706 0.8002034363003138 -0.003894970394428567 0.04626145175520233 -0.5979290658767955
707 0.7928845936447827 -0.01626546815839645 0.04038435046502391 -0.6078145769425526
708 0.803398308580226 -0.01316456408457651 0.05352600912580829 -0.5928851645723302
709 0.8082214969751098 -0.011541376410274053 0.054118544039545566 -0.5862729668413071
710 0.8120004881552957 -0.010774522515223636 0.04799471045993982 -0.5815802822207755
711 0.8067377130874562 -0.011457938594746895 0.05948423004712636 -0.5877963969788184
712 0.8059507352489647 -0.015005941988099736 0.03772799363178473 -0.5905885475974142
713 0.809314228377311 -0.011344397627453826 0.05567378779459518 -0.5846214277129349
714 0.787653307820584 -0.02835594345633308 0.04025078852998324 -0.6141482566715531
715 0.8180503022428262 -0.016275539769602294 0.04309653567302918 -0.5732987863397341
716 0.797945625273467 -0.018088397370004883 0.04033340517098358 -0.6011063178962884
717 0.7928107322556884 -0.0197279015431386 0.03956165075100692 -0.6078625079002312
718 0.7954933912977568 -0.012454480781955084 0.03979747057067403 -0.6045256914691238
719 0.7960481626657253 -0.01642175592384161 0.0405606367582296 -0.6036493049732333
720 0.7847745868233018 -0.016540789439361048 0.04243060715198424 -0.6181058920102223
721 0.8099233737059577 -0.029741183016516175 0.04862063892875148 -0.5837599028947582
722 0.821385583099887 -0.015034091077589264 0.05465597295064617 -0.5675494908833482
723 0.8108343773753989 -0.011672401199404893 0.023269517595613562 -0.584696414447153
724 0.8129764069853413 0.004598989969145699 0.032902944911504646 -0.5813480946839154
725 0.8269366761228946 -0.014819280253668252 0.057478179266117715 -0.5591532719423489
726 0.7476805723958388 -0.06614787573694828 -0.06502177677102076 -0.6575487729004287
727 0.5923329283490754 -0.2610103367045226 0.3320838623160655 -0.6861017523050391
728 0.5367744529544296 -0.03271872824044223 -0.10543421352497147 -0.8364725327804683
729 0.8175735970573237 -0.0018507736459781284 0.07510989934865643 -0.5709014722800204
730 0.7747035909167699 0.036213329407490696 -0.08946697664459093 -0.6249148750701674
731 0.8458638440033975 -0.05442537039645019 0.09262147986328118 -0.5224686573689763
732 0.8572365006460462 0.016807286123964028 0.021264223819062508 -0.5142090332526662
733 0.8167196017878049 -0.02484557854776909 0.03882088599391858 -0.5751910361721948
734 0.864069442026732 0.016842907778445538 -0.001626840693680397 -0.503088132639338
735 0.8297852982173097 -0.011223657804132797 -0.015187575618673135 -0.5577631449950179
736 0.865312010999426 -0.015638862787100066 0.0016998877011602893 -0.5009866864225623
737 0.7960279198919726 -0.038351197251402985 -0.0010969339190389478 -0.6040426583924519
738 0.8493776715990045 0.012737353594027539 0.00032071703071049544 -0.5276317162122274
739 0.8480936102997775 -0.015794351746243128 -0.003066769721575092 -0.5296020784939198
740 0.8665293925887076 -0.001460271019877103 0.0044749377170653195 -0.49910385123821915
741 0.8343760689833535 0.02078518107116662 -0.10917618923617688 -0.5398750887562711
742 0.8585565106110102 0.0015461295156934795 -0.04214989707856122 -0.5109811285627226
743 0.8626335095869235 -0.2925573341151501 0.24701453633417947 0.3305411521018127
744 -0.9133215347678033 -0.19318743341310415 -0.09193127784973541 -0.34651266910974055
745 0.6418519402703129 -0.07021913518605749 0.003823989437823424 -0.7635972347577852
746 0.8774731284807057 0.1389129675145682 0.024961995615071064 0.4583895668811548
747 -0.04207867265317309 0.10517705301244865 0.017211044594140194 0.9934137872867188
748 -0.8046888870660779 -0.13139630636077626 -0.0244412147266424 -0.5784578054878231
749 0.4533112629603894 -0.07107739123330632 0.039463258477788116 -0.887637062407288
750 0.9764659159476358 0.07982579228827902 0.014889987677586189 0.19980101637642983
751 0.999745382191067 0.009482039792539412 0.007131045353333347 -0.019194006907853042
752 0.978951973878275 0.07214324387046 0.005998952206348435 0.19082032851900826
753 0.7781522218820567 0.04857861513274092 -0.007241304648653359 0.6261523786098625
754 -0.36292595044746395 0.08905774685637245 0.03882675329078758 0.9267394215450033
755 -0.8489449690064077 -0.049895701140525446 -0.03679268154125798 -0.5248325039395032
756 0.06672351668425279 -0.08279794086729358 -0.038864784558694423 -0.9935703305909597
757 0.9381237341386075 0.012140892125242917 0.02709118093238533 0.34502539920986536
758 0.9164241940956165 0.004682368911360341 0.08923861891610362 0.3901041409566479
759 0.6994540490067519 0.07928028924509044 0.0415982036357586 0.7090474303737042
760 0.7917281004033532 0.03754144797263319 0.04122509222304937 0.6083237184978219
761 0.7318969551266155 0.06351756256206864 0.06578104988046965 0.6752519676381445
762 0.6711931279333071 0.03933894629850208 0.05923526768027793 0.7378640900478032
763 0.5358228231325354 0.029412909937268566 0.02169395329671358 0.8435390656808147
764 0.6790692183195862 0.007992457588471455 0.030987443900466653 0.7333763669992633
765 0.6120335769302663 0.012462753580858982 0.006488209588698439 0.790706951796593
766 0.48396884699845044 0.01576402880738357 0.00876967397697676 0.8748992761164498
767 0.5637940989490496 0.03584291578034103 0.031661320607378605 0.8245295993207212
768 0.6690587520794707 -0.006755179633654313 0.0284163000516733 0.7426353531211343
769 0.5395969340063993 -0.0018347051711717906 -0.005624671161992343 0.8419026937491932
770 0.5586675992499798 0.011344755791724618 0.008115251828120106 0.829274353125705
771 0.6223987263457456 0.016569718930256976 0.029957895379784473 0.7819512736495668
772 0.5592573472921314 0.03190243468670189 0.019118153727726538 0.8281593749749332
773 0.5486416548928245 0.010677024721452521 0.003933784214986996 0.8359801797897546
774 0.5538033491441048 -0.0137273095281244 -0.004864161941501043 0.8325201207048984
775 0.4779989194046238 0.02741374440556109 -0.0012740107638655109 0.8779316013006094
776 0.47497621874763274 0.008185386639834048 0.0010662464770537458 0.8799599162394884
777 0.5329131046387233 -0.0033425907839969883 0.003400649254510417 0.8461565372765347
778 0.5510326606446984 -0.0029319980359267294 0.009930705872996388 0.8344194337209592
779 0.4857588821039332 0.016713494556653323 -0.003467049191397855 0.8739261680066265
780 0.49731715847275104 -0.0003083109515735413 -0.002640054407790229 0.867564740492414
781 0.41578592371310125 -0.010355555028787957 -0.01701504400270056 0.9092443656133784
782 0.5251558017593112 -0.0015935176246474859 0.021745983789666447 0.8507267227312979
783 0.40977761593932127 0.02192825790831703 -0.005186122614275077 0.9119071011415703
784 0.4810222910930234 0.009022898185625745 -0.007825863845495613 0.8766270008589868
785 0.48529259260654795 0.018109640905503842 0.01054394811922744 0.8741006610371301
786 0.4202874078203686 -0.003329905941737264 -0.014979408934964087 0.9072612765141106
787 0.3925408061094364 -0.01254751450553619 -0.024167745423845602 0.9193313850292589
788 0.4543032927712125 0.008006869772384843 -0.009550245776441764 0.8907599008819893
789 0.497889803542741 -0.010443972547749513 -0.012272264345705813 0.8670905711016709
790 0.42195380176811376 0.006829585162545141 -0.0104777449135033 0.9065310600312989
791 0.49277153921095723 0.02383861655986113 0.0055240410435853935 0.8698145868371745
792 0.48204498663247347 0.014227810747317127 -0.0030089674382119016 0.8760257681020536
793 0.5282315238727346 0.008775633865882405 -0.003105797595435797 0.8490493504258966
794 0.43224611972211135 0.01022447164760262 -0.008588791312322257 0.901656799912527
795 0.4200107596409889 0.01979340820309422 -0.019948180496907303 0.9070839282405835
796 0.484326278040059 0.02103127319688138 0.010800560154276728 0.8745679446720737
797 0.4667362687309384 -0.0017876234191650025 -0.005810455760647798 0.8843756546046969
798 0.4895401519905357 0.01553962144310731 0.00043004358060745986 0.871842173112202
799 0.47886783595263993 0.0016465074798892793 -0.005337124627562821 0.8778692384426419
800 0.43538481642440924 0.0075178279006028114 -0.0027761353187794754 0.9002087740982267
801 0.5220723075541058 0.00397015781664861 -0.00016643881927456508 0.8528919719578567
802 0.42448593460625167 0.017520756205449534 -0.005250247553548158 0.90524977178902
803 0.5196285399533527 0.011396775148080854 -0.0038357272204737544 0.854307661898722
804 0.4935315582411683 0.008320035560356447 0.0049478321688799145 0.869674017655551
805 0.5337859952279583 0.00653920320129221 -0.00406912241300041 0.8455845270360487
806 0.5442114882707939 -0.0005633062384109757 -0.011760729960896521 0.8388654385245324
807 0.5762756609606062 0.0021636346262566253 -0.0036982312914758003 0.8172441522304918
808 0.5084611047991492 0.018157873673197742 -0.0008292537905496443 0.8608930879431241
809 0.5542519115826297 0.01975593727201381 0.00020559186741729338 0.8321144627883169
810 0.49390132834589895 0.008144048663418797 -0.0037843672496399657 0.8694715814183028
811 0.5503887238402412 0.014547545178283421 -0.001232800759297849 0.8347808705289576
812 0.5821181108052361 -0.012640239742069976 -0.010478535256667643 0.8129384538270291
813 0.519801870150212 0.007050319058316269 -0.0030807930039835636 0.8542521978338626
814 0.5450610307910224 0.013787900485876614 0.0021599385683116054 0.8382802044534995
815 0.5369506304503355 0.018374315936543123 0.001407979407856368 0.8434123680423701
816 0.5378543928625481 0.013699047724262888 -0.001230513071084158 0.8429255447591383
817 0.5315345971650447 0.006172758887731042 -0.008751474035705918 0.8469688782750581
818 0.4900023376674191 0.02696322116042332 0.0017559739755826844 0.8713022497047254
819 0.5416902475833526 0.00751807719247263 -0.0032831837159894655 0.8405381460071286
820 0.5181088724885585 0.017783666272392067 0.002838601002017066 0.8551250667632766
821 0.5284404332840383 0.01320163979507927 0.003840106170857439 0.848859045284843
822 0.490469797609519 0.01078904513840885 0.0034371334265405934 0.8713846224553696
823 0.49598487318020257 0.01274317346942903 -0.004360375598040406 0.86822670094336
824 0.5142140373213131 0.00924046956059575 -0.003845722334413519 0.8576034911098144
825 0.5292496252637826 0.015163563558385055 0.0025640286305268064 0.8483267803479614
826 0.49693478762096727 0.02463590873274812 -0.006288680381534915 0.8674153222949632
827 0.5293963780286295 0.00767288881118723 0.0012485607597577605 0.848338990500548
828 0.5078662710293984 0.018586159096372786 -0.0038906463732289566 0.86122660682978
829 0.570542979065951 0.011020082692242814 0.002903652353633971 0.8211886723640405
830 0.4942354293097595 0.003818932742893269 -0.010889340344087828 0.8692515047065341
831 0.4901448313456113 0.024983258895643696 0.00039140069179141265 0.8712828059164452
832 0.5396426231546303 -0.003072370408681427 0.0035105703039339975 0.8418812717426387
833 0.4837841568506419 0.017135953793976994 0.005172724591298113 0.8750042808970633
834 0.48686788743070564 -0.00023764632237096038 -0.005813090883026686 0.8734562448613972
835 0.45941106928666825 0.010728684974888374 -0.006352544793246886 0.8881362563876332
836 0.5380194363301233 0.01398938738146065 0.005601402483795984 0.8427977263032467
837 0.5053779023978329 0.01832729587570705 0.005545852199809042 0.8626856493052545
838 0.47662614684135507 0.025602332827601892 -0.0006526785852386542 0.8787329575653869
839 0.49205702796954814 0.007253815895924048 -0.004830702157953385 0.8705193436664026
840 0.5177854248395959 0.020430710189644454 0.006601123369475835 0.8552410567057027
841 0.5009875144793918 0.0063999763691484175 0.0019154195554572683 0.865428727167155
842 0.4875599800477897 0.02189240659999674 -0.0011126024744855555 0.872814270337506
843 0.5314081758659605 0.01469479569545368 0.005542435399177905 0.846970303500735
844 0.47816075822587273 0.00959307917594272 0.0019009269034271394 0.8782178821919367
845 0.4968505660341959 0.010315630179854287 0.00172691211569607 0.8677730812718474
846 0.478349475926986 0.01577404039390871 -0.007360448598923778 0.8779970286546827
847 0.530143576262617 0.01192276704238043 0.005283910901959568 0.8478075940088742
848 0.5011252538481684 0.014397833007651534 0.0029183472661447355 0.8652500595836597
849 0.5615977148941085 0.008673449520103137 0.004642789660127301 0.8273519338246026
850 0.46251845892682936 0.010268615629557255 0.003987759733481968 0.8865412164458634
851 0.48418397453774337 0.00972591710161686 -0.004134535484227115 0.8749023893862081
852 0.4662974062622103 0.018012791125062346 0.0064711146255359096 0.8844209365141258
853 0.5073936283108591 0.0067155622404758124 0.009191362393058051 0.8616392087357071
854 0.5044105330329338 0.007603455904090042 0.004875087215638864 0.8634167216057297
855 0.47375041180063837 0.008839189743836557 -0.00011759825578054657 0.8806147865065905
856 0.5148552858519904 0.01431336685532657 0.005225915696779128 0.8571416755499993
857 0.47822259569414477 0.007658564461709364 -0.00018176472898640082 0.8782052506786346
858 0.5158827345869338 0.008251810883915784 0.003537195112538481 0.8566121642978105
859 0.5386376339486977 0.010194386740638191 0.006817626831204087 0.8424482736272426
860 0.6737039500584513 -0.0024459765553628706 0.008404754758352014 0.7389495009618602
861 0.9697126836291058 -0.027826515928732136 0.05055151128471809 -0.23733423884247465
862 -0.6270517592602504 0.04316856118397308 -0.003734988593973663 0.7777715708317794
863 0.9856328669120775 -0.029170109052114368 0.024320849251122066 -0.16457658609981718
864 0.9163139134270912 -0.031172808598550435 0.03511635488010605 -0.39769826462274366
865 -0.6426536768156864 -0.09762156686923508 -0.02572024166988591 -0.7594766293479461
866 0.9875398787188785 0.0296022170259033 0.03392326527032647 0.15079094389403253
867 0.21030603917446886 -0.12713280176035205 -0.06837919667574459 -0.9669192862205664
868 -0.988706189356832 -0.013226887069744103 -0.0110071058047812 0.14887566694305393
869 -0.9716510606285664 -0.00312498388006586 -0.03735305909036125 0.23342921803348246
870 -0.8867079791502472 -0.01498325512002551 -0.07679466294948943 0.4556611038038764
871 0.9799013717789853 0.027008062513513516 -0.009857107038266586 -0.19739985710674937
872 0.6912505035732278 -0.06133432419990479 -0.07400295101979745 -0.7161943906685261
873 0.3727130440594414 -0.10378636170860472 -0.06834810371042918 -0.9195879047869344
874 -0.1660225468774442 -0.04996016626565921 -0.07510578981305424 -0.9819875844691683
875 -0.8189953743913048 -0.030022932032489708 0.00972374706608254 0.5729316268289033
876 -0.8143928334725322 0.06627145271708033 -0.03361798022281566 0.5755364790776396
877 -0.6244573339479776 0.05938777328170168 0.03905199911407204 0.7778181483023004
878 -0.3296877018297064 0.0746233815067306 0.06784116122523658 0.9386878858483043
879 -0.512957018586938 0.054531982790797774 0.017118844920576002 0.8565093724436932
880 -0.5263192668530541 0.08891803133335681 0.053950964930741245 0.8439021900825391
881 -0.8045213513910557 0.001872635542292563 -0.0591974464575191 0.5909632397408019
882 -0.714807414154984 0.021553351207414518 0.022523272832987693 0.6986261631958007
883 -0.7911661330218988 0.008225199955110504 -0.033883526878669835 0.6106065858235858
884 -0.6451340769141517 0.02258412410042244 0.054066980289532954 0.7618193629628438
885 -0.7678275946988208 0.0014430464850225257 -0.02066796129140311 0.6403214331973609
886 -0.0182119949361849 0.07077989993482976 0.24606721879530463 0.9664933796151961
887 -0.7487425314605461 -0.024338321867600567 0.011389752694516853 0.6623160432937435
888 -0.7762986955703814 -0.03242984542129561 -0.00444753574872129 0.6295147812461903
889 -0.7638133971757001 -0.038928866188337886 0.03377260868941388 0.6433762884770611
890 -0.8083915786140516 -0.06250621565358765 -0.026365636003923536 0.584722910333311
891 -0.7531904049696299 -0.04017598617079539 0.031441884870943924 0.6558212499398379
892 -0.8149211543916641 -0.05132088644308044 -0.021882744848296328 0.5768802511939184
893 -0.7714419760164396 -0.02190463706329264 0.01658704449860885 0.635706169916399
894 -0.8099112107071923 -0.032399187966386966 0.004057010996016995 0.5856429492888195
895 -0.7842150511518022 -0.029414741423238282 0.010577083616642415 0.6197012601537509
896 -0.7687751215442078 -0.023556874441268076 0.02332515805290605 0.6386593952671908
897 -0.8033554158552086 -0.043209431582264035 0.01128139112529893 0.5938229963993652
898 -0.7519772503330223 -0.021815531685610574 0.0365859026601632 0.6578113477931208
899 -0.7977317128184991 -0.03336343826818894 0.008074599424279029 0.6020347134465968
900 -0.7823947933166774 -0.029868121856835492 -0.0005371430352167255 0.6220659082163712
901 -0.7462546819299261 -0.006292307756642488 0.044411926402739874 0.6641475267995494
902 -0.75217666322779 -0.017848165156605936 0.02900504923210984 0.6580808593289227
903 -0.7550968951279634 -0.010968988533900857 0.02023153761796078 0.6552091613708295
904 -0.7958839583611311 -0.03583526311291657 -0.002502249142369393 0.6043825754356879
905 -0.7843280820136174 -0.028931587991706708 0.01147984391952067 0.6195648764775984
906 -0.7687000419854865 -0.02644090165572028 0.03360927669497454 0.6381782985116187
907 -0.7718468707351883 -0.01927452797302468 0.016823621519549442 0.6352935278016625
908 -0.7637808924310012 -0.02322297064894816 0.02599846295868206 0.6445335692695358
909 -0.7728662955611333 -0.028788636992269197 0.03361627555787286 0.6330235774308534
910 -0.7750251855214145 -0.02181569989723603 0.01956756643989439 0.6312504632783339
911 -0.7687509945032583 -0.019715133015279065 0.026353701259032924 0.6387007941206827
912 -0.7785681731712166 -0.017368719240292336 0.01148200028753935 0.6272145494056904
913 -0.7683544097803202 -0.007720132940922612 0.019373676898614262 0.639684735758122
914 -0.7719534371521017 -0.015445206023008157 0.03156009267987565 0.634707253015121
915 -0.7797203594067273 -0.033589399661275186 0.018631894027117804 0.6249486105929042
916 -0.7806108816380057 -0.03124521805778834 0.013494819414244724 0.6240899595938341
917 -0.7800714306301588 -0.03941576473923599 0.010876753281438709 0.6243529905772002
918 -0.7831969822521951 -0.024002112215933766 0.005921497132487396 0.6212819983485264
919 -0.7686490820695305 -0.024059808392348385 0.004517573910785978 0.6392020852435889
920 -0.7534650235509049 -0.020789091415723455 0.02244233941764503 0.6567759232531336
921 -0.7792324322316585 -0.023034394570742252 0.007721256113468877 0.6262640141578656
922 -0.7811851123005349 -0.017705102451166375 0.011299616706803276 0.6239460460083658
923 -0.7847844174132791 -0.023428273738007165 0.0019578445062225945 0.619322776119082
924 -0.7885417102850802 -0.024748582585048914 0.00427729016949553 0.6144682120252581
925 -0.773797270999408 -0.022663815794887247 0.007878627699102624 0.6329787216590012
926 -0.7716272339701962 -0.012078391978811913 0.009163378620216756 0.6358942968253236
927 -0.7677615565518954 -0.023230799852292677 0.007390196404523888 0.6402717448211629
