0 0.8250297158797008 0.012178670844091716 0.021042644999723633 -0.5645660767202959
1 0.8023169181367249 -0.01051694096380359 0.0359739637237439 -0.595720430032708
2 0.805544253776494 -0.014423842916274406 0.041303696374826594 -0.5909182791460882
3 0.8111955096796813 0.00023705036170642882 0.03800266280437192 -0.5835388474664094
4 0.7870877792654747 -0.01558640271061493 0.03539291304860486 -0.6156275119643531
5 0.8062514764183192 0.00028961338764504164 0.04063371211221413 -0.590175714798015
6 0.7995637372912473 -0.014824980913677855 0.04338825792761697 -0.5988284470729234
7 0.7942557671309028 -0.011276676718887595 0.03701121964572114 -0.6063503793697294
8 0.7973167139189017 -0.018191501697119555 0.039809723500724446 -0.6019720200195053
9 0.7976036210739973 -0.006322711778659844 0.03654658405222791 -0.6020405585668832
10 0.8146560837644059 -0.014040097018199544 0.050040731710947306 -0.5776108257565762
11 0.8067522400395727 -0.007982226335832936 0.03732146636583388 -0.5896560144712839
12 0.8013372404383633 -0.01168299221206946 0.025912057334384453 -0.59753719554878
13 0.8019642900867792 -0.009028619476654095 0.037998061100886917 -0.5960938758354486
14 0.7951011877658094 -0.02024248226998746 0.03274337081526478 -0.6052538432695841
15 0.8089669751794167 -0.010012656950062279 0.0458802089584373 -0.585975414327082
16 0.7962387975096629 -0.01315224280226553 0.02734857684056771 -0.6042208629254969
17 0.8020036728460693 -0.01791776027708224 0.04526153770677932 -0.5953322230590964
18 0.8104590365511691 -0.013149323829841119 0.02764073884619881 -0.5849950725530986
19 0.8042285802076725 -0.00885109417675279 0.032507356960728775 -0.5933644079757844
20 0.7931369321447812 -0.025420653162560165 0.04562206972871134 -0.6067999868279681
21 0.8090716877695503 -0.013146360417322608 0.05589788528150735 -0.584897942959765
22 0.802551069147482 -0.011542626016318731 0.03395874440304092 -0.5955042845130923
23 0.8087794826628041 -0.015602087299629563 0.04256851513909832 -0.586361871896898
24 0.8129778193161469 -0.01031677563362544 0.037311197186706474 -0.5810064577997243
25 0.8076793345286923 -0.021131856483249473 0.05237928323536911 -0.5869105109849448
26 0.8059651698257158 -0.019596784695906554 0.044653754768728474 -0.5899509752873046
27 0.8111433292611623 -0.009462069490317897 0.039352566420470796 -0.5834452366351109
28 0.8132459891194698 -0.014526107049606258 0.04814541443043037 -0.5797430227819914
29 0.8014582809540785 -0.027138333259361262 0.05091619690335725 -0.5952610147245794
30 0.7961307569698315 -0.018522738201130984 0.04722000546566948 -0.6029950224172648
31 0.8072043492253322 -0.014905775475327676 0.04144454805222538 -0.5886266268917282
32 0.8132387880232083 -0.014230201096643342 0.043910180561637535 -0.5800966049498453
33 0.8139627208073156 -0.017644554974456272 0.05115547613393779 -0.5783912828502997
34 0.79886355068375 -0.013584481133116026 0.041651107335307254 -0.5999147227056844
35 0.807717108287501 -0.011992553969379986 0.0408147011511155 -0.5880335124794455
36 0.8102943503348006 -0.021671793269381213 0.04879753916427845 -0.5835856401279109
37 0.8040050026772044 -0.009844985928225056 0.04441769698502273 -0.5928794988162843
38 0.8075559695297136 -0.013327391367908763 0.048246873644665 -0.5876631483254388
39 0.8021578638199313 -0.02358317192543643 0.04116026277022755 -0.5952246872253081
40 0.806429232365089 -0.009158447843663167 0.037003769037272316 -0.5901006160793127
41 0.808365598415656 -0.012219238509444615 0.04572787170694651 -0.58677483863702
42 0.8013595252317292 -0.017800894231290654 0.051962984114059134 -0.5956558467495356
43 0.7908734266373154 -0.01599349805121895 0.0447656427673083 -0.6101306977088322
44 0.7985861416572824 -0.0009637326084534184 0.042771599708728854 -0.6003580896687831
45 0.7988570004607466 -0.017380074417295083 0.04627513856484951 -0.5994864780617758
46 0.809685255122167 -0.012469782555048867 0.0468978039173787 -0.5848545871825819
47 0.7826114168721453 0.0017402219369442302 0.024694291022617526 -0.6220181137232851
48 0.8001483945829486 -0.025578891703474622 0.04903042515682073 -0.5972472556274273
49 0.7850960558835828 -0.0067444058867270765 0.02881531533464638 -0.6186666094330955
50 0.793219869782226 -0.013429406565228919 0.036257508742792176 -0.6077065758091981
51 0.7948308848976888 -0.005036401657887985 0.04587863502159278 -0.6050732599608519
52 0.7858122945318133 -0.005396136735528139 0.04625595087522808 -0.6167092560352946
53 0.7602962009043838 -0.009087535539550254 -0.0042600789885750105 -0.6494990033211672
54 0.7772493086343049 -0.017516123232150557 0.0344799559459648 -0.6280030495884361
55 0.7813191076560793 -0.005317354439058917 0.023684191860027837 -0.6236595520067139
56 0.7746993723058436 -0.002649948863236819 0.020612487631434768 -0.6319881214655844
57 0.7795378230768155 0.0009521299501891085 0.022872808860403444 -0.6259366664895522
58 0.78558439434311 0.002553996944114059 0.018099907451409922 -0.6184844620638652
59 0.768463805430549 -0.0018199693134957932 0.016601410943074234 -0.6396752774725597
60 0.8198112498103107 0.03936285531430626 0.07029061049100409 -0.566938541980313
61 0.7605421439849477 -0.024196081856837044 0.02434782245969837 -0.6483805829811898
62 0.8144505008920598 -0.02071119172771158 0.04286767486527743 -0.5782765692863024
63 0.7866869775962958 0.011079221274871197 -0.006331762778779862 -0.6172201867376509
64 0.7563870605558617 0.034318328626105274 0.0005856121381742364 -0.6532231808519945
65 0.6563492169318536 0.03788229642087404 0.02851944054915467 -0.7529656556321723
66 0.3210090426987707 -0.03576238972446581 -0.0821644536895001 -0.9428272633609618
67 0.4171940279420141 -0.02453254801812861 -0.14856072198197537 -0.8962572225770069
68 0.8222598917631836 -0.0004870227269417264 0.04281617732188031 -0.5674990820838411
69 0.7721669645605103 -0.008889297937879148 0.017420070172812913 -0.6351186506305366
70 0.8642774851345683 0.03833291748644676 0.007973115408746732 -0.5014892277578077
71 0.8828465847849374 0.07218047581946622 0.08876156060128114 -0.45551429396197113
72 0.8352943845128388 0.05944664640646417 0.051264448641229275 -0.5441703260357489
73 0.738534233444455 0.07966343464409026 0.013863409467386439 -0.6693494820265848
74 0.9340058216045055 0.1341160751275005 0.14809634841407274 -0.2961646082632167
75 0.7259761064974332 0.1236752905014688 0.015329599438147877 -0.6763343246466726
76 -0.4403411648768367 -0.1688316848937414 0.41050305585656033 0.7804375451138141
77 0.1489748837449758 0.23139985875546693 -0.5508783534236034 0.7879045812218763
78 -0.17999553899828777 0.11114270845980914 0.09162014707827484 0.9730645677170088
79 -0.7779845618855935 -0.06300032461581243 0.018579392565201188 0.6248406090659374
80 -0.8059735378698435 -0.048535310450173785 -0.028214560476243548 0.5892833940221001
81 -0.8062328204593973 -0.05306574876383174 -0.026428447268076378 0.5886205931644063
82 -0.8000445472225725 -0.06973534270216285 -0.026092431347990535 0.5953023513005735
83 -0.8052844684379019 -0.09776593017644465 -0.02731842164305102 0.584133932954038
84 -0.8244649414866086 -0.1189231150261595 -0.05563969310466806 0.550471686395564
85 -0.8501391715234554 -0.11835600455475262 -0.15806440613879266 0.48812999164079124
86 -0.8581600514248192 -0.18179843010162863 -0.20209130932492989 0.43551091794175534
87 -0.8087237725823357 -0.13141336896780362 -0.2532590662712323 0.5143503003480703
88 -0.6647860445213978 -0.3133267606552797 -0.4694172543959972 0.4894213903602774
89 -0.5777249205913746 -0.42488524398496624 -0.4510456553044045 0.5312854810763662
90 -0.7187216452529879 -0.31821253385915077 -0.3468105759957364 0.5117640123311549
91 -0.8339163017473606 -0.22026056343765613 -0.30582112423248725 0.4031653827491999
92 -0.7986307170639453 -0.22810645117841993 -0.29604263165048833 0.4717151523304812
93 -0.8051613327701954 -0.2687028460701134 -0.31528316284740404 0.42439431658598
94 -0.8056638816340514 -0.2407619184073184 -0.3867915036747172 0.3785917869688038
95 -0.8032933188508207 -0.2574483417478382 -0.42472851826356095 0.3287033328011174
96 -0.7684247309060056 -0.266389344594263 -0.43228747428650854 0.3894710381962476
97 -0.7969327576260274 -0.24297707092493429 -0.4605004703776696 0.30626726826296646
98 -0.7782336180146522 -0.2555068344239003 -0.4341121248197604 0.37498714169818537
99 -0.7665591312839944 -0.27543857436030555 -0.44186011855514024 0.3758727519120369
100 -0.7575996669191756 -0.2853249424461829 -0.5019617595466903 0.30441224327353733
101 -0.7314126963989718 -0.24543090100788695 -0.5272708326044176 0.35606826517043966
102 -0.6906088078482664 -0.2946276829868721 -0.5306230929136668 0.3933104832151283
103 -0.7179847970463502 -0.3195686733311916 -0.49178484814978934 0.37486178434983475
104 -0.699280178975247 -0.3258473702669466 -0.5395006329568068 0.33729777589196563
105 -0.6798221504457151 -0.3065362537251273 -0.5824066869097992 0.32354260918506367
106 -0.703316769302115 -0.29513946046668976 -0.5508127215988757 0.3388857722282038
107 -0.701447643273644 -0.3216682191146506 -0.5346076031704294 0.3445220910040872
108 -0.6950700181937425 -0.31523557440667144 -0.5352372239455957 0.36197419319567314
109 -0.705450140423879 -0.28676743481268063 -0.5492026397413624 0.34421068868936033
110 -0.7018845845476946 -0.301448287738506 -0.5416928423043763 0.3507931361786301
111 -0.7106130127587786 -0.2966422721730399 -0.5496831709752138 0.32385323837278823
112 -0.7012329185862929 -0.3185311620536858 -0.5349855286760063 0.3472762255020232
113 -0.7061885958602414 -0.28782017968447116 -0.5510765825855035 0.33877988631148387
114 -0.6929032712508789 -0.3141156069002818 -0.5409726781659793 0.35855962359059107
115 -0.6975368650861248 -0.28718828830168136 -0.5533276791851154 0.35326150137792495
116 -0.6904690038781498 -0.3024303787082915 -0.5480238768139383 0.36257171864294163
117 -0.7032296660742445 -0.293664518536245 -0.553823240471831 0.33542362114088276
118 -0.7001242685710581 -0.3013704396607267 -0.551552504832329 0.338809239941482
119 -0.693316208913675 -0.31722718295104846 -0.5411901920529776 0.3546727010641964
120 -0.683660937302986 -0.295501938356456 -0.5531740987348122 0.3732087133528745
121 -0.6900433488466013 -0.31526044519957147 -0.5444800987952818 0.3577603253870053
122 -0.7004290434182409 -0.3102438655357312 -0.5483851496586964 0.3352933442039437
123 -0.6946163355063336 -0.3086452361512377 -0.5476657102784488 0.3497263708016619
124 -0.6901360051709989 -0.30478799531214884 -0.5511647403856295 0.35641829531585223
125 -0.6929342450888146 -0.294591077426052 -0.5571328422028871 0.3502302460140834
126 -0.68967137871801 -0.31322709436330837 -0.540638307191223 0.3659950785616209
127 -0.6851427300943078 -0.33510470871830905 -0.5458826781316015 0.3468376786186962
128 -0.6953468745385555 -0.3128889356975784 -0.5554431428099088 0.33177726427974297
129 -0.6969392702544062 -0.30443703751267104 -0.554323308124973 0.3381115405264225
130 -0.6915079494618201 -0.3115151598451463 -0.5646229836303495 0.3255394712997548
131 -0.6981993279327201 -0.3113729561076605 -0.5576679254941033 0.3233744973775424
132 -0.6969704024199049 -0.3318973390665961 -0.5452927485543908 0.32669899425181387
133 -0.6963176755692994 -0.31318267597598404 -0.5529344618634313 0.33364919757446965
134 -0.6890664189634672 -0.3343781347618205 -0.5429047236416429 0.34443169757973885
135 -0.6967693171518095 -0.30235226488574835 -0.5531532205865196 0.3422238173316122
136 -0.6915728968281694 -0.3107516975203832 -0.5575961995932394 0.3380041258033267
137 -0.6970618683126256 -0.3209166827026247 -0.5522247980939083 0.3258297206790642
138 -0.6933852920343263 -0.3156634664185121 -0.5565134315819308 0.3314607265243117
139 -0.6895974748929197 -0.32975970700699087 -0.5421309831299289 0.34900982133250835
140 -0.6923403764276157 -0.3242050353948094 -0.5495120389670108 0.33703474186355953
141 -0.6962993987589002 -0.32898110789833895 -0.5494735227801365 0.3240639222399838
142 -0.6872325444801539 -0.3111878324436644 -0.5611770200184825 0.3405200654139528
143 -0.6926942784725255 -0.3260542517434998 -0.5470953039309968 0.3384523451064625
144 -0.6941925260920123 -0.2940086300736097 -0.5661347247742318 0.33338736563498456
145 -0.6991452963703029 -0.3137263606704081 -0.5557774601836688 0.32230892003724115
146 -0.6877103511606417 -0.3090746884998615 -0.5581982918183124 0.3463264021791271
147 -0.6920412258211248 -0.32411763186457043 -0.5509183826709978 0.3354335077383739
148 -0.6937656038246965 -0.33232012363031277 -0.5410792524829469 0.3398321128330623
149 -0.6825958054495315 -0.3205526551822799 -0.5513080144307645 0.35688714583563225
150 -0.6971121038329621 -0.3133998543331282 -0.5518160864607925 0.3336379065943359
151 -0.6928916784687797 -0.3124144985156625 -0.5535681465303434 0.3403830344962635
152 -0.687955099371673 -0.32288512887211956 -0.5540382253245227 0.33985970588023495
153 -0.6889144940411344 -0.3154840844289122 -0.5542725696890076 0.34445396043948034
154 -0.6903899890883084 -0.3023326942271408 -0.5589636582368397 0.34571119990317517
155 -0.7266971957169649 -0.35035649712088784 -0.5066892452465207 0.3040189458138945
156 -0.8800253623124139 -0.1544888346267408 -0.3517231625028286 0.27924788024546376
157 -0.9657015252668618 -0.05872189589577777 -0.05972735673594872 0.24577417662764894
158 -0.9580506529575319 -0.02183230363394115 -0.1003143552553842 0.26758050567143105
159 -0.9514101170745868 -0.0962719175423139 -0.2207674723729356 0.19186513535009964
160 -0.9675838051399753 0.01582727630308739 -0.04764773080839242 0.24750913337588784
161 -0.8502446660921823 0.45367920653742255 0.1750399966496557 0.20154449858593598
162 -0.014113349245412812 0.5346085212189998 0.7166438590468055 -0.44767859196483073
163 0.7829317288202626 -0.017938612482370872 0.12359625280938673 -0.6094424340987427
164 0.8954452377900958 0.026371541555188848 0.18951976722691316 -0.4019510240630051
165 0.8654972487700766 0.03602935347103953 0.14759634853752227 -0.4773172068533434
166 0.8220148593604617 0.08082345452671713 0.14462317800992577 -0.5448332557501216
167 0.8280880356230362 0.06355548636626952 0.14924222213856173 -0.5366168694160408
168 0.8590089230611354 0.056890681292061845 0.12920548119886568 -0.4921108250299346
169 0.8241995953795146 -0.0040756583979956835 0.12070313847980636 -0.5532713333853401
170 0.814442410839488 0.023278933269043716 0.08947509082052225 -0.5728314401414062
171 0.8185897682347786 -0.01523414513730057 0.1395252871678217 -0.5569662524821446
172 0.8159657440525896 0.02343307199947946 0.10111597435017426 -0.5687058601778128
173 0.8370176645716725 0.04919300961486949 0.03220139825343912 -0.5440078555963489
174 0.8036939616470484 -0.009863705577148624 0.09180977373778718 -0.587834746140934
175 0.815665700071391 0.008289274103797314 0.0994044699009195 -0.5698591975440924
176 0.8306401338020993 0.045744906977418634 0.08452164802291268 -0.5484527897808057
177 0.7881824261738487 0.0018848784851409187 0.10867700484490875 -0.6057674627460122
178 0.8027141978906088 0.019337972191703665 0.10319372064138521 -0.5870494147484836
179 0.7942047737733893 0.0030256469966865943 0.10821894818085569 -0.5979283251615032
180 0.8134796044868499 0.005491447671130966 0.13220183229659005 -0.5663421692085251
181 0.8212017043299797 0.023708014696451517 0.10310994978153942 -0.56074417437967
182 0.7956149971195525 0.006663457094978076 0.11870790270313233 -0.5940208822371664
183 0.7964496650241302 0.008023263407857776 0.09835850617849277 -0.596597990768972
184 0.8079138808865072 0.0029508721459825453 0.13878803725174052 -0.5727166263871605
185 0.8081225363142371 0.02229760897357965 0.11879717219378258 -0.576478980374711
186 0.8277103953803009 0.02212902786151947 0.12187512750247324 -0.5473136767901438
187 0.8079913303718956 -0.015128206293372781 0.13266503248186293 -0.5738650856906923
188 0.8186335699271794 0.01590440468889001 0.1247114265001635 -0.5603866417038044
189 0.792298002360826 0.005301687568624299 0.08602252463538694 -0.604016467341184
190 0.8128329961399773 0.017789435110253465 0.12212710235496091 -0.5692723664951133
191 0.7810098626878695 -0.002730593940684777 0.11377553385646219 -0.6140612885833817
192 0.8009625746072518 0.014831260773519015 0.10056817037115369 -0.5900212122378221
193 0.7998483966737162 0.013362624398593495 0.09993935521772702 -0.5916722977175225
194 0.8162360329509099 0.05795130958106015 0.08896050598863495 -0.5678788714194668
195 0.7714757116832719 0.002524865696460516 0.06164770005814421 -0.6332601459223097
196 0.8036346205796752 0.019076391000924755 0.08412882843490566 -0.5888376925251234
197 0.8100688610214409 -0.014925219884605921 0.05917672509501916 -0.5831498893267923
198 0.7807592332871696 -0.020353722504418036 0.06519170979971614 -0.6210883887100401
199 0.7997208947646602 -0.008174373578893725 0.06258736962766814 -0.5970447983664989
200 0.7873907010452422 0.003286680859748272 0.03364756220006609 -0.6155265414215709
201 0.8177999234167302 0.027526622186248212 0.038666986105206747 -0.573542007629908
202 0.7709578616327614 0.010214840250573974 0.014356045505121488 -0.6366423930141238
203 0.7795987907621317 -0.0007463490071759968 0.05123423880881804 -0.6241796385489217
204 0.772769041554519 0.014014319437733755 0.019235767466167262 -0.6342409577720404
205 0.8113391677355345 0.02055376414616886 0.04823972192423523 -0.5822192258130147
206 0.7685171461466022 -0.052451546329105224 0.052276875840147105 -0.6355291965116643
207 0.6860990564201739 -0.09479580006704422 0.004094788353337754 -0.7212940272713599
208 0.7462631812208422 -0.06720060341457681 0.003014042974732011 -0.6622433531563844
209 0.796001504587351 -0.03618015127327058 0.038636260076420306 -0.6029758210374807
210 0.7788999256072087 -0.03751092781787431 0.02554637208273885 -0.625503972055124
211 0.7676977859321857 -0.05218999865844239 0.026483320337116277 -0.6381339571428348
212 0.7606849112691576 -0.05674161979283915 0.02933307241722187 -0.6459709166930697
213 0.7539737200295596 -0.04664801914764287 0.008472687362794324 -0.655191426518419
214 0.7399136722378928 -0.06022273452924037 0.009402160047432506 -0.6699347574709787
215 0.7534325729386221 -0.05138297632117952 0.0015082164380108125 -0.6555126795590158
216 0.762167482697933 -0.0549057270029886 0.02719214246920788 -0.6444739535839318
217 0.7619165646577946 -0.060614560793535645 -0.001173136305311022 -0.6448314874997039
218 0.7481499938690793 -0.08765791832856931 0.02632015112847834 -0.6571871313960526
219 0.7751412850001431 -0.04237692656518959 0.00019678730122267888 -0.6303650891808441
220 0.760499794403296 -0.06734018853773062 0.009998790513376665 -0.6457595418640881
221 0.7333092639448714 -0.08898350770694545 0.008386073790695607 -0.6739949054222709
222 0.751394112546903 -0.044952980402390506 0.00015329574352887583 -0.6583206617471529
223 0.7320953844565089 -0.06198266285177362 -0.022074923333725616 -0.6780171054797144
224 0.7373935759395238 -0.06708072879323002 -0.010639594527124742 -0.6720399459972519
225 0.7492019504975878 -0.08473823392316401 0.0012388747363964534 -0.6568975066717645
226 0.7651669988304501 -0.06375615056360409 0.02677386948472774 -0.6401076292928618
227 0.7382837343795967 -0.07970035924290035 0.0016296986319415704 -0.6697628866766498
228 0.7491249125408129 -0.06438359883341335 -0.007466611128135868 -0.6592502311946798
229 0.7558636477281576 -0.07211425051842858 -0.0044417766022749544 -0.6507303216662526
230 0.773440610495491 -0.052559154906367644 -0.013480668201888858 -0.6315421037878007
231 0.7659008796607696 -0.06109868056347915 0.007599420706680061 -0.6400039394981754
232 0.770481670918676 -0.06766959807404185 0.011946603230511135 -0.6337476618861133
233 0.8677770041537031 0.013012888342132888 0.008659197799026458 -0.4967079162772589
234 0.7796856062354096 -0.07497615456798566 0.03377130908007664 -0.6207482826061924
235 0.7879386034073158 -0.046103776229787896 0.027329103067130645 -0.613416921190986
236 0.7667147477862835 -0.04650396581076184 0.01648722609152238 -0.6400890938507656
237 0.7729362139168563 -0.04264765795580482 0.007985870693171977 -0.6329984299791211
238 0.7890039876962444 -0.05319419604370519 0.025707640036136393 -0.6115408425857269
239 0.787013687697888 -0.04470934006147273 0.022805820113440234 -0.6148905795801332
240 0.7940579976705822 -0.05152358065709787 0.03347817200051141 -0.6047283927278109
241 0.790015986305654 -0.04143079082004358 0.01584128026972208 -0.6114795865709227
242 0.7816228689491094 -0.02775315505216197 0.012489680434188308 -0.6230083956120224
243 0.7702453651691783 -0.040622730613078105 0.026386232674976116 -0.6359053686816603
244 0.7863648369416224 -0.02453276629169614 0.027630446224439813 -0.616656342739853
245 0.7983510880526135 -0.029387488249261257 0.022981858515255645 -0.6010355646039528
246 0.7976972793830924 -0.015856859586135575 0.03127851270980144 -0.6020375944337205
247 0.7647752358333325 -0.042009632140644654 0.02160937904249822 -0.6425628873510171
248 0.7902633730171608 -0.024046345128802767 0.017101250929119658 -0.6120564694292068
249 0.7622308595019892 -0.0273492469441023 0.008747792247810093 -0.6466680846038704
250 0.7790388925182794 -0.011286838298647973 0.007394018222237688 -0.6268303915092519
251 0.8071999338261306 -0.020543322374430323 0.027726916109780023 -0.589268577865774
252 0.7523945130987391 -0.03331501344768073 0.012708447333695118 -0.657746989277989
253 0.7979109775168548 0.007763252984873058 -0.0004854925516792514 -0.6027251182406225
254 0.7689048609225926 -0.044885739865319005 0.01770274404233718 -0.6375399580102592
255 0.7770998126898593 -0.01941144739774156 0.008109333922281955 -0.6290256874966612
256 0.7811470102582526 0.0033100097390834963 0.012528501271973134 -0.6242126471451845
257 0.7907454876111584 -1.6091906944041714e-05 0.018436991948509056 -0.6118673474631022
258 0.8078341994034863 0.0363706964709013 -0.00034740497346247084 -0.588286459152456
259 0.7605414755986535 -0.02680306226173958 0.007752844622513319 -0.6486895660852543
260 0.7756233941243046 0.007950220343573618 -0.011736471973570589 -0.631036765734926
261 0.8829865718311444 0.0223422309780919 0.06630975254668196 -0.4641535903103655
262 0.7540616175779046 0.05338461731630349 -0.04257286376658668 -0.6532447556624529
263 0.8362204438046119 0.05370085752916857 0.07209791283056746 -0.5409745633847545
264 0.7921837744090952 0.0014558025393605126 0.06946219043190874 -0.6063148953327201
265 0.8420250939774666 0.1634909455941512 0.16778631358680995 -0.4859137832927954
266 0.8428996231560368 0.06599718223795861 0.12690133990263583 -0.5187105620198768
267 0.8564635527508194 0.12441232681100844 0.2308800474958846 -0.44461911723992825
268 0.8270540426997658 0.08322251067779146 0.2646782458470818 -0.488877336707042
269 0.8196800770638666 0.2085024173326138 0.3731788552947272 -0.381298905311761
270 0.7999553205463942 0.1553468951814518 0.27219889441249673 -0.5117094773087687
271 0.8171887941927642 0.16704305783185683 0.3136689484930739 -0.4537740431395435
272 0.8084581934252156 0.18339095729441587 0.3918959943222601 -0.3989744802621358
273 0.7412909828451641 0.10762443778709925 0.4370311707476311 -0.49790402181385934
274 0.7954923475230515 0.20089331626105292 0.4820136470297709 -0.3074030653571313
275 0.775140194866193 0.16135246229967884 0.45601095518037804 -0.406419819851481
276 0.7908549994541044 0.19772258188822017 0.4572738451750801 -0.35546417677271164
277 0.7372577612503537 0.16224142944138684 0.5101611239941669 -0.41214601734572226
278 0.7476578668724301 0.1610416429130875 0.5151109174489841 -0.3869548372568656
279 0.7307124393487404 0.15690948391806772 0.5428414280196566 -0.3830951955626157
280 0.7487506613440277 0.17925032001748167 0.51367927013794 -0.37864941217578146
281 0.731419108139628 0.21795359415817814 0.525354382757249 -0.3761982078100764
282 0.7063199236052929 0.2316780473622771 0.5235928250623283 -0.4162787544805355
283 0.7309468482226115 0.20733834868686118 0.532639161486523 -0.3728579325804533
284 0.7147232186817973 0.2294584485744387 0.5343800490708748 -0.38853250084124613
285 0.7052357484783409 0.21923305094062442 0.5623097483565739 -0.3720042410331183
286 0.7156427453200574 0.1884263364513557 0.5727525112182547 -0.352569904693346
287 0.7088788536065681 0.2166320929622921 0.5814079856702243 -0.335449044427178
288 0.7414495114968491 0.23184120973930689 0.5643593472398908 -0.27928623766785005
289 0.6894726790425095 0.16573294470831812 0.6255353018152152 -0.3253699464843086
290 0.6708054420247446 0.20579598642223795 0.5943357381223028 -0.39297977214241275
291 0.6750811241103615 0.25558607378399234 0.5116362291496073 -0.46601459610096435
292 0.682735513832642 0.23693440716776473 0.5800716661626142 -0.3758339619660085
293 0.6701777536080774 0.1994013180984507 0.6059732128730101 -0.37933805265197584
294 0.6854230611717725 0.24945636686255376 0.5469834517031812 -0.41082338274315067
295 0.697275148494135 0.24268429549845108 0.5855441298663149 -0.3347383634870711
296 0.6720223495216419 0.23991488706012604 0.6147579489558965 -0.33600516797495616
297 0.6718374796390548 0.21297133150862443 0.5927107849846315 -0.38983527068569385
298 0.685899726199576 0.22831044811670564 0.5819932731326363 -0.37242413309083056
299 0.6853242993413653 0.22683734417521223 0.5930685120498378 -0.3565742055095889
300 0.6851291036472987 0.23450663509122052 0.5892329094750387 -0.3583424728178662
301 0.670971089728755 0.2068332124061305 0.6161052159689158 -0.35697644439075166
302 0.6818601915852025 0.24114782194982773 0.5905688602079558 -0.3579704295789264
303 0.6697493435332237 0.2566337341675832 0.5956327059108308 -0.3616581576203694
304 0.6900498388865105 0.24677991704646796 0.5830929274474155 -0.35061878209252034
305 0.6804898877890373 0.26336015246180255 0.5929556013315395 -0.34055630600784953
306 0.6864261256564176 0.24670427819448335 0.5967560415744189 -0.3344224872542061
307 0.6692353547015171 0.23967287152727593 0.6018317474504892 -0.36397733780016467
308 0.6882270827544404 0.24903322434434397 0.5992147406100167 -0.3244497347381299
309 0.6825855862894633 0.24515094960262582 0.5988269277657574 -0.3396825575171983
310 0.6667894205027403 0.2643875595772804 0.5884494762866941 -0.37311968710362275
311 0.6796537328517346 0.25873090437542345 0.5907209527036791 -0.34953952362878243
312 0.673296261729188 0.24383575554966722 0.6030457306228487 -0.35149980801499503
313 0.6774486133331671 0.24484411329246902 0.5986331690550538 -0.35036133546111664
314 0.673693970313109 0.2530603246123137 0.6012445110901077 -0.347277906517083
315 0.6764326399286279 0.237556882999005 0.6084666900593951 -0.3402556363488316
316 0.6768314462809162 0.24871515773763825 0.5945381289209292 -0.35575887465532813
317 0.6843443398383156 0.23702617076570753 0.602366526442118 -0.33562775023150726
318 0.6837684604590125 0.23969601718646324 0.5972499994749717 -0.34394614397257717
319 0.6767092133516227 0.24651500292962508 0.6024547602775707 -0.34401054593504793
320 0.6811831691055532 0.2577265370663675 0.5906833381370553 -0.3473610747714239
321 0.6776926260404773 0.2528471033081743 0.5941472814989841 -0.35183810886030237
322 0.6849973674612164 0.25478871819017984 0.5939240340896943 -0.33632656360274604
323 0.6809815061831289 0.24929527619582653 0.6001421672985661 -0.33755804320617744
324 0.690323374888783 0.24268278990090988 0.6021273038706887 -0.319376598237076
325 0.677235460682977 0.24828373464326625 0.6055207107615703 -0.336232043005884
326 0.655257517190411 0.2898508956338572 0.5795206891882894 -0.38830376674510797
327 0.6770456812517364 0.293296185381139 0.578063257884649 -0.348467162044045
328 0.6548391775195588 0.2684937962366055 0.5945278732871193 -0.38161936645387784
329 0.6584876455397561 0.2655546202452985 0.5927581256451064 -0.38014808801253197
330 0.6707760855690248 0.29169939480770696 0.5721718435424835 -0.37093164808992724
331 0.6814423041020274 0.2722948905896731 0.5908043138997338 -0.33532393504839864
332 0.667701660199054 0.26297988032820163 0.6025499492279206 -0.3492128780492241
333 0.6589965003890514 0.2890920802525512 0.5900579022008664 -0.3660342247120453
334 0.6753870352069616 0.2764944843973474 0.5939729058628305 -0.33852524259360706
335 0.6747031355932785 0.2442521984974202 0.6167137761473486 -0.32369841003602834
336 0.6711954517840321 0.269411795432455 0.6009205313321272 -0.3403064281053241
337 0.6755765211870386 0.26575709003762665 0.6046005732425423 -0.3277616206183097
338 0.6778220567532457 0.24317065741001492 0.6168787899469489 -0.3176253284408675
339 0.6697509845652339 0.2790191868730756 0.5999432070572962 -0.3371202461087052
340 0.6791705878578886 0.25462499653029486 0.6104520549363773 -0.3181850284891977
341 0.674052884709864 0.25137656854689167 0.6169331400976731 -0.3191489151620693
342 0.6613500541819038 0.27956194399366086 0.6107440791045751 -0.33384561573095817
343 0.667721732635774 0.23463525119926898 0.6234487893588535 -0.3322733719507417
344 0.6720826687678819 0.2681334449112077 0.6099108280328618 -0.3231379332578564
345 0.6748861041703613 0.24253411724733615 0.6213491669950401 -0.31564404167254195
346 0.6681984683113 0.2555194326248125 0.6184047826389834 -0.325263203124421
347 0.6760764564387556 0.25282680986148515 0.6153443537832816 -0.31678155806725167
348 0.6724652982816723 0.2584738939381604 0.6165630208678113 -0.3175400920478307
349 0.6595144265999322 0.2607085360350344 0.6171685670950409 -0.3408441581351889
350 0.6665841729941198 0.24593316305545415 0.6210166662848569 -0.33093914821267
351 0.659379337323011 0.2835838886415517 0.6064652010026422 -0.3420512060894209
352 0.6545755365615332 0.25109654171829 0.6248362027892491 -0.34360022316088257
353 0.6634290742665205 0.2550272242884989 0.6179769167536454 -0.33604688459979704
354 0.671855032721278 0.2572839211677711 0.61284395246718 -0.32686096255140545
355 0.6645980554030102 0.290442968192219 0.5901664548059211 -0.35447970690018593
356 0.734201478884785 0.2274013991851658 0.6070065390518957 -0.20194022283899518
357 0.7839388918332376 0.03565208552012093 0.5903082502138887 -0.18895743541538265
358 0.8673575548169791 -0.47296067347192683 0.013791849010511741 -0.1543011936174303
359 -0.4130359809304772 -0.018871461624232668 -0.6643912593535974 0.6225989085177586
360 -0.8780674671709279 -0.042694822741146936 -0.29241601618858276 0.3763874980436146
361 -0.9016530689620683 0.025293351121274742 -0.06676971991444379 0.4265252561371791
362 -0.7712303485089946 -0.06384610698890959 0.07398574123934999 0.629009963557271
363 -0.3429151650601854 0.49400192187075675 0.3239976063462166 0.7303402233491363
364 0.2448957313627583 0.8055510355966241 0.5007011171985051 -0.20102736392261442
365 0.4851423952259478 0.530805272623401 0.4134227024662622 -0.5585376334636009
366 0.8844111088216724 0.09392199579680015 0.24674772497397418 -0.3848521917808625
367 0.8640543714784741 0.05996720530728451 0.17748536939102633 -0.46723968267764243
368 0.873463059922217 0.05138794135762259 0.13334830596954023 -0.46544579891690613
369 0.7913029937548478 0.0047708627637109615 0.2574400439576424 -0.5545641844820061
370 0.8220990298889925 0.08128909643105531 0.17353340589034869 -0.5361263143113715
371 0.7798682244470776 0.04347227106291382 0.1339059450116139 -0.6099056583086778
372 0.7208673048489344 0.06024234427483329 0.10226583721296084 -0.6828344508702224
373 0.6991677654728616 0.04306344665265222 0.0796589045323376 -0.7091998549173482
374 0.7662833406637128 0.1513095038257892 0.04654708594082803 -0.6226946640719436
375 0.7602127991514204 0.03059367747116511 0.07043757884723276 -0.6451194264562898
376 0.8295101542727025 0.15767030002371815 0.08014744209443815 -0.5297446252437363
377 0.7315676097711044 0.030924598858735726 0.0180489414242574 -0.6808279791787959
378 0.8092905042581359 0.10994080153525305 0.05091540561591806 -0.5747778017167722
379 0.7636492454164869 0.05134770391413688 0.04971949663543951 -0.6416628514507402
380 0.7767226171971354 0.06980899666463362 0.04635641772376795 -0.6242433519509271
381 0.7689231108584477 0.04876764931057493 0.05259475569780908 -0.635305247610608
382 0.798929277692529 0.06053540200592512 0.06293488739464492 -0.5950518248844366
383 0.789912753157729 0.0817568646213416 0.027390192200265135 -0.6071271982519781
384 0.7677883040918807 0.04507561134702769 0.010485695433772682 -0.6390300145945225
385 0.7970026384114106 0.03750234130061476 0.07424674287600021 -0.5982205194863576
386 0.7602562722064401 0.043971868745840345 0.016307579932131607 -0.6479281890507025
387 0.7411087615557334 0.04574893914474978 0.009014803991394312 -0.6697638176413039
388 0.7922305093832699 -0.010963741859041724 0.08055179614342424 -0.6047826258291826
389 0.7735782180552538 0.021236849033969645 0.031948510776256774 -0.632538559656837
390 0.7734433845326455 0.05373159820186471 0.0056361689693833 -0.6315587699309607
391 0.7353251741673417 -0.012845730989067513 0.0345960302111502 -0.6767089404794017
392 0.7651362422850647 0.09571410121241009 -0.04921182928575863 -0.6348098435195699
393 0.7850343701798077 -0.0012441155238213455 0.057043048523866484 -0.6168189202902742
394 0.6990068790826308 0.01432039831050166 -0.08877988317308963 -0.709438116773522
395 0.7662048357550078 -0.041808472741709846 0.022036002507822998 -0.6408561584834173
396 0.7284547966566283 -0.01368283885872975 -0.03453852006664792 -0.6840858716420929
397 0.7376964188712669 -0.04452944453118354 -0.008976058145877746 -0.6736026666621906
398 0.7376597180642119 -0.009767695634084802 -0.02457086835900454 -0.6746547301364688
399 0.7069301536570423 -0.0412948104152068 -0.019771894646364325 -0.7057999494653538
400 0.7370574595767182 -0.04179208718234848 -0.011961904330024257 -0.6744306010080331
401 0.7258976767233336 -0.032331312952735745 -0.019351015384087168 -0.686769821216704
402 0.7536035446607743 -0.028637751724122147 0.0011278228340256945 -0.6567041226203464
403 0.7532469952791638 -0.02463267873312122 -0.004175538022578682 -0.6572630828850531
404 0.7480910143782488 -0.034157208626388984 0.007498843601443219 -0.6626740425352553
405 0.763307398115958 -0.03360697000322987 -0.003975414243508164 -0.6451484973478903
406 0.7311128865175001 -0.048853611559335756 0.0010957955592351854 -0.6805042770165013
407 0.7389219806527473 -0.046071005063088345 0.011724406143603542 -0.6721118264852047
408 0.75723554502323 -0.04852644056736403 0.015388780717004641 -0.6511548965855036
409 0.7604346497069175 -0.05143380999046392 0.027342787257676433 -0.646796783155238
410 0.7607637157344896 -0.022189738493627518 0.010148183302598996 -0.6485701185709175
411 0.7620206959109938 -0.03738796947351841 0.009622695655193548 -0.6464008063657559
412 0.7520116381964865 -0.039176125904982775 0.020194053544403713 -0.6576746364104058
413 0.7574493492338171 -0.02697278929425254 0.004830043715898901 -0.6523186511672475
414 0.7692040132028989 -0.04467655750250411 0.022946613826077183 -0.6370264077698795
415 0.7675961938504832 -0.021879648383423433 0.00205425417887161 -0.6405569016197061
416 0.7505803059302638 -0.026901482957289655 -0.0008094507919675065 -0.660230913661081
417 0.7579971406914237 -0.04231339045097935 0.016331031318625327 -0.6506790369362142
418 0.7730040523882881 -0.015345265375615867 0.02330980823480838 -0.6337869599967273
419 0.7544476549247541 -0.03724312772820349 0.01426302458700896 -0.6551475036548566
420 0.770404666216237 -0.02271925516886854 0.011055446165828561 -0.6370543641063098
421 0.7535553492012469 -0.02504348860860484 0.010081409389172308 -0.656829905343252
422 0.7643009326733948 -0.022626793668928898 0.009774226426796116 -0.644388529553871
423 0.748000397061699 -0.019253147973783923 0.01063000049251448 -0.6633337963485424
424 0.7459256689907775 -0.01768401082536676 0.004443925848457061 -0.6657795608343972
425 0.7585675632913798 -0.029380221545263922 0.013646409454834441 -0.6507886216069859
426 0.735519174067895 -0.029807464205702353 -0.0038612964722696914 -0.6768368710743088
427 0.8114594344196714 0.0029474590142565373 0.02395113637488105 -0.5839103029087757
428 0.7690281660281754 0.027732355481128873 0.1863055025400091 -0.610832919903736
429 0.723962792717571 0.01030889017762733 0.13476984039352516 -0.6764678053419725
430 0.8426999884674837 0.12245030223193919 0.22299257423155588 -0.4744860005920022
431 0.5677059302419247 0.2753252009634865 0.5751678141517349 -0.5206611143983024
432 0.564076810718005 0.19563488153466263 0.7760064028850172 -0.20336766561717412
433 -0.24568450113477547 0.115309151158731 0.8586086126678834 0.4348955918536561
434 -0.558679073342333 -0.39376346842956217 0.030754645107101165 0.7293025269008806
435 -0.751011195278829 -0.1573323602997542 -0.4437541444867518 0.4629373307686516
436 -0.7336016299160016 -0.08819538284917991 -0.3794893224599086 0.5568106295389771
437 -0.7773972209615084 -0.1551001706047328 -0.4624319943423916 0.3971827646414493
438 -0.7667961791463691 -0.08858148280840508 -0.47004941331423516 0.4280543068267589
439 -0.747925375842418 -0.1289036054450121 -0.525291072496598 0.38478667054567833
440 -0.7397736847080647 -0.1040332220646673 -0.5458631061291118 0.379401441071821
441 -0.7367938065719324 -0.08978186810252355 -0.5268506779210761 0.414128562081107
442 -0.722107627170241 -0.10845313050906791 -0.6286502765757428 0.2675767609987632
443 -0.7147006786678632 -0.12894327506331457 -0.5813012715554398 0.3669678506567993
444 -0.7018980591687104 -0.17637141130861475 -0.5749394025233788 0.38167646408216616
445 -0.6770345298616509 -0.2071744903062066 -0.5848609773371408 0.3957784899784493
446 -0.6946313381032604 -0.1624125799455938 -0.5884913181680443 0.38050943016057776
447 -0.6930448303322073 -0.16170997806887852 -0.6003099729176632 0.3649201043493758
448 -0.691156075157601 -0.17499173246868804 -0.58611173934968 0.38490804400121365
449 -0.6784075316342247 -0.1881131735676041 -0.5943807491928246 0.3887006302300774
450 -0.677625422203069 -0.16671532523670185 -0.604725647685928 0.3838446020802797
451 -0.6768055791124756 -0.1720138056694862 -0.6067881840031351 0.37967559639184645
452 -0.6759454146140524 -0.17885218533112252 -0.6096768740104237 0.3733681849882182
453 -0.6682481235038032 -0.19155297664309323 -0.6232433448696677 0.3582173022740312
454 -0.6817927432477134 -0.2059774913853771 -0.6046986637667051 0.3564708323777778
455 -0.6564486153705357 -0.21008815462465158 -0.6190549556831096 0.3764427506390556
456 -0.675776896909261 -0.1980619481264574 -0.6165896342272668 0.3520145924127688
457 -0.6715417427442222 -0.19916099567077325 -0.6235299005986316 0.347242060549899
458 -0.6750789884966932 -0.22548082433857933 -0.606546159879169 0.3543000325736787
459 -0.6920216881399887 -0.21820164245375642 -0.6071092786288791 0.3239017600709901
460 -0.6769780972119528 -0.21445630278246844 -0.6080744521709383 0.3549008463066429
461 -0.6911912080797442 -0.1796300521113631 -0.6168793596460577 0.3308286775574367
462 -0.6911075241413738 -0.1619328579417842 -0.6172214069993891 0.33939044526279893
463 -0.6994511879741543 -0.17707329447970105 -0.6073117355584923 0.33254404201035015
464 -0.693360836832353 -0.17778175448181224 -0.6007844867528491 0.3559528033287889
465 -0.7000946501133264 -0.21162492262042054 -0.5936184131089473 0.335707540318378
466 -0.6998335866116551 -0.19504703045382188 -0.5999906001889526 0.3349640079864006
467 -0.683688212322794 -0.19645134689396487 -0.5978019840591371 0.36960801464439114
468 -0.6970824391088867 -0.20654447834141376 -0.5835094039587028 0.3618455845308021
469 -0.6889691520398069 -0.2232026708186342 -0.5942246394445587 0.3498559034144801
470 -0.6661708172575167 -0.24674525866966862 -0.5904055882852866 0.3830854485359567
471 -0.6807514340020069 -0.2347004553934184 -0.5868785013785197 0.3702253448401881
472 -0.6895431234620331 -0.2516194480913544 -0.5921852246491425 0.33246743289481817
473 -0.6944295695479701 -0.2501192207166834 -0.5879050793274615 0.3310220023902809
474 -0.6907284873730073 -0.23122458623317724 -0.5974146301039144 0.3354476221267587
475 -0.6893731936563748 -0.22696447225539257 -0.6006873832274229 0.3353004560587901
476 -0.6840657270589684 -0.2346890805471941 -0.5919303489730304 0.3557999135748407
477 -0.6881265871156887 -0.24313176963357702 -0.5881281967073313 0.3485311563363344
478 -0.6843739690122551 -0.23747170033753323 -0.5931589405526511 0.3512861131893353
479 -0.6892905929135126 -0.2270495594709026 -0.5983107896765446 0.33963388379494314
480 -0.6791571153276041 -0.2503508456130599 -0.5877491739084582 0.36141523953845434
481 -0.672579561578772 -0.237086159914364 -0.5958976017671559 0.3692328998501077
482 -0.6868068420529462 -0.22182651236553474 -0.5983274763211137 0.3479850445065272
483 -0.6689085789040039 -0.2108022252413666 -0.6140706058836737 0.36199589209212313
484 -0.695477301943096 -0.20340029776241433 -0.6098414421826719 0.3209876270959235
485 -0.6548186329791174 -0.20573990668814013 -0.6153857034098758 0.3875359141267399
486 -0.666317857454896 -0.22140071629618482 -0.6140655993636116 0.36045204304936523
487 -0.6682806486449895 -0.2142586765208412 -0.6098783941466426 0.3681610225638805
488 -0.6480905652429628 -0.24980994517496852 -0.5945198472940594 0.4051169728710272
489 -0.6651281337539954 -0.21680583107767812 -0.6115528010551438 0.36959838855337623
490 -0.6767437215141411 -0.2098733450328506 -0.6101886750817044 0.3544585945324883
491 -0.666649059303034 -0.22342971466567943 -0.6096816401068189 0.3659870107687597
492 -0.6648472282822026 -0.23384181625172296 -0.6053284394585969 0.36996438801618203
493 -0.6846748022407121 -0.20070462083292276 -0.6177714558380126 0.33060020977721266
494 -0.678204541567928 -0.2124353364245455 -0.6093021541930067 0.3516542514041148
495 -0.6731774609821978 -0.20761615017961127 -0.609318589216334 0.3639484813068674
496 -0.6745449035883292 -0.19409793119948238 -0.6050268955670663 0.37584254919789345
497 -0.7162967376885174 -0.1538545376129866 -0.5167935200373399 0.44291333517980347
498 -0.7333823171125444 -0.09837634524773581 -0.24815799446569578 0.6252120291749811
499 -0.8016974369758132 0.3750449669234697 0.03820791693828453 0.46385627883539815
500 -0.20595253927232485 0.4128286296101765 0.7029550659356908 -0.5413042115269506
501 0.7725240113295084 -0.35366385695385083 -0.13926768166064693 -0.5086580787216108
502 0.46211788229706213 -0.4800488843297491 -0.7276309203653927 0.16295206424974548
503 -0.6730540212680881 -0.025796045867763226 -0.2281606688909704 0.7030473367019244
504 -0.9017088962478177 0.11008784272395238 -0.0376535855503196 0.4163939730677349
505 -0.954040197678428 0.04928312773791929 -0.15387128463322616 0.25239275405485506
506 -0.9171936608868331 -0.019598280747875365 -0.23271286629796548 0.3228256769219599
507 -0.927874881038377 0.13145803099544115 -0.21069285783009703 0.27816453922850365
508 -0.7978275493808421 0.0038065092073375226 -0.12618757025705601 0.5895196426322322
509 -0.8377094571417107 -0.020379983456204145 -0.1017132783773857 0.5361734147562613
510 -0.7390864609072312 -0.00017257346492968915 -0.0974013999749241 0.6665314252193574
511 -0.8044814343565112 0.04110529434210372 -0.15463259561365153 0.5720216227788284
512 -0.771950216379854 0.015318689659428994 -0.10348439897829778 0.6270160925736398
513 -0.7545008747552571 0.0015896855738070394 -0.027917816539397393 0.6557030565835428
514 -0.7953212795051232 -0.018622692678109173 -0.07768202930287676 0.600901622569899
515 -0.7824476390180861 -0.0046960635407943055 -0.030186546532534653 0.6219665679043229
516 -0.7669327598011106 0.011872976142707665 -0.05679482616315977 0.6390989924123363
517 -0.7609619568658287 0.037780351933610574 -0.0597179807008036 0.6449366697527128
518 -0.7716747327667259 0.0012854362322697243 -0.06607836220231121 0.6325741889389378
519 -0.7652824278107432 0.06102183857398317 -0.07248526525548746 0.636682830946451
520 -0.7996180282162851 0.019926565927376783 -0.0714325024476489 0.5959121902729535
521 -0.7706130275680979 -0.012230618283146122 -0.007262601508015086 0.6371445898209275
522 -0.781124464039732 0.017743631919523384 -0.07176268316423788 0.6199837518112995
523 -0.751998324270267 0.03163334755767811 -0.06852954862615067 0.6548294072368019
524 -0.7695745981648459 0.036581483977458105 -0.08864003371348006 0.6313158300824524
525 -0.7878252140749505 -0.04116183839789849 -0.033862362624147505 0.6135881970222165
526 -0.7587872989760629 0.022944763882498102 -0.06994474300334316 0.6471654391646574
527 -0.7399492499193048 0.0337125724607029 -0.04638023622471796 0.6702144758878903
528 -0.7705872832422991 0.07668051115274196 -0.09157165563758927 0.6260431055433785
529 -0.8060030255049424 -0.0013563833444868987 -0.08266496141634222 0.5861090233524275
530 -0.7917853429055829 0.022940482142969204 -0.10281003319511321 0.6016475730137671
531 -0.7629885394335043 0.05671352261820079 -0.05312131358610551 0.6417243887279408
532 -0.8014494672978308 0.01566262850133918 -0.08937983169896564 0.5911384601951701
533 -0.7651577476353636 0.04596464021559134 -0.05994922808034879 0.6393957797295808
534 -0.7902008017417939 0.03054478507899757 -0.07914436811736794 0.606948002736978
535 -0.7601657499620341 0.0574087612008167 -0.05593174203850555 0.6447665522920554
536 -0.7950807091006572 0.020051884988185397 -0.06668617781561505 0.60249277307928
537 -0.7628253403119424 0.07039220438439521 -0.05700587316486553 0.6402286842719452
538 -0.752147307256541 0.039666816445667843 -0.017673318631747592 0.6575626401099298
539 -0.7841653035378244 0.046618945385018554 -0.048122257958494806 0.6169243867343845
540 -0.7705846439346526 0.08691172733096947 -0.06950404011104444 0.6275466887751812
541 -0.7766129517445501 0.06009472417091004 -0.04568782613922234 0.6254387019141937
542 -0.7761977910659855 0.05085561988672924 -0.03448777814048886 0.6274880781569908
543 -0.7702129669143482 0.033010613523380694 -0.0462862630312623 0.6352478782698986
544 -0.7195976920979086 0.07136354589894733 -0.013153762264180463 0.6905891574462996
545 -0.7066201581183407 0.059008514191943605 0.0056692499080082705 0.7051055289806987
546 -0.7379605970619569 0.023939167498220542 0.040870165466963225 0.6731795473855063
547 -0.7485082566857907 0.11556616704921097 -0.014177424061590145 0.6528237521366163
548 -0.7463344701062403 0.07254138838350757 0.013028192347699377 0.6614777939634723
549 -0.7407561081015022 0.12946190398900426 -0.012317962633185624 0.659066211789396
550 -0.736125216497585 0.1307945886757184 0.002531051576458462 0.6640828525021938
551 -0.720503674848288 0.15543021410205135 0.004917764182717089 0.6757897000323
552 -0.7143872656428499 0.1500185811754755 0.04357533580755749 0.6820897668919303
553 -0.7469422410226464 0.13423166334267506 0.019103950349222146 0.6509179581278889
554 -0.7826949248899981 0.07362589241369931 0.0006031986298553292 0.6180352082763081
555 -0.779089642033828 0.08876926963829036 -0.007708779216084594 0.6205480812688763
556 -0.8497199851457055 0.03865807530982838 -0.15007263706575938 0.5039441473630293
557 -0.7064220684565329 0.1055486192061427 -0.005058731635503347 0.6998583852576965
558 0.7785195891018281 -0.14676604666183776 0.044863920928988714 0.6085673385344086
559 -0.20286783959552612 0.16677860115668577 -0.3014207594851701 -0.9166106390422523
560 0.690496761475996 -0.1518639804197813 0.16013240593224862 -0.6888462574570405
561 0.6714434430539055 -0.08897271254383006 -0.05235954470471665 -0.7338297059133165
562 0.6740398375588611 -0.07417416830057987 0.016762912242304202 -0.7347703688321259
563 0.7392581056980391 -0.06175614373660887 0.03174074506347831 -0.6698329321355776
564 0.7774579459965691 -0.024740495308741842 0.04090783711761352 -0.6271152995749927
565 0.688121305712119 -0.09324853915348227 -0.0041354454234120985 -0.7195670063739302
566 0.7696621026787456 -0.03773811757907092 0.06589543817987606 -0.6339194534077672
567 0.7086079982068906 -0.07607836237181384 0.014669867212583725 -0.7013355706450454
568 0.7016818832377337 -0.06938914963528058 -0.0036482057064169005 -0.709094049646423
569 0.7890846587892353 -0.04256488459504681 0.01984876092624431 -0.612486455811538
570 0.7924782993334802 -0.036296039164271404 -0.014891458242853244 -0.6086369912336105
571 0.8654444088200931 -0.045186955976085255 0.1258441028981457 -0.48283265839979755
572 0.839955798844257 -0.005272193634600034 0.056733699821986394 -0.5396552114699663
573 0.696169384644808 -0.08656046666391011 -0.024279957023751225 -0.7122260576397919
574 0.7874398743117241 -0.0477134869769956 0.044421914341365644 -0.6129343855835473
575 0.8146921279665611 0.001410851671703414 0.034313573629037086 -0.5788759148484947
576 0.7838120859780144 -0.026422821109371792 0.041022952987358745 -0.6190779964815523
577 0.8593265230158136 -0.013832441358240554 0.06466499523749805 -0.507134132945671
578 0.7779172138190689 -0.03231941836877963 0.014947093615948622 -0.6273570339389821
579 0.7417020674162914 -0.044002755378790094 -0.03354821089538644 -0.6684432049585008
580 0.7788306981872332 -0.03202843665470573 0.03233413910388338 -0.6255808710750778
581 0.7049519803188632 -0.04024400340977063 -0.021996269959792654 -0.7077706476973478
582 0.7634837141026319 -0.03795428195557392 0.009354335705169955 -0.6446429920388512
583 0.7766063870513805 -0.0336700535091505 0.04510289675610089 -0.6274667925810103
584 0.7958408750934141 -0.02381957094958346 0.006731672391195912 -0.6049996811215227
585 0.7814550869263542 -0.042078387372495855 0.03201811219992071 -0.6217171357813838
586 0.7625655212696836 -0.040342454794920254 0.012365583194461518 -0.6455334262949335
587 0.7779406442244726 -0.03281713920234278 0.03578374494917541 -0.62645902741967
588 0.7513723556127236 -0.029591265157017585 0.018614173289995702 -0.6589517833651594
589 0.7836111951936693 -0.02193077018774859 0.02874614178656499 -0.6201985129122028
590 0.7758507902279376 -0.03183784081769438 0.01875449865628929 -0.6298334478057698
591 0.7784898033594663 -0.032513612844332976 0.007726104057074767 -0.6267669410245307
592 0.7744533839174914 -0.03682161331306454 0.019999373028682377 -0.6312417524294709
593 0.7583749885623893 -0.03411130870308383 0.007935796681443284 -0.6508769610860331
594 0.7667021540095057 -0.035032506404811856 0.012247343087862976 -0.6409294291257573
595 0.7694523397749058 -0.03413723257547795 0.0024571167238518106 -0.637786569899693
596 0.7758049955985482 -0.03351879464638101 0.019083826058439505 -0.62979274907922
597 0.7578271053752467 -0.03380839108193192 0.01258445691888141 -0.6514573681332361
598 0.7656074952870895 -0.04164680910160031 0.012523105462642055 -0.6418363329396798
599 0.7728736377057454 -0.03792475662635633 0.02893239561988517 -0.6327645450386853
600 0.7634959898678008 -0.03338913910314273 0.02404357431444587 -0.6445005394721742
601 0.7485633151075207 -0.027650916070275356 0.008754197767866989 -0.6624286785286053
602 0.7659831801761188 -0.042003718516309116 0.02391431432298651 -0.6410409978219361
603 0.7709867575245928 -0.035996775379604516 0.02847968194726877 -0.6351948989091203
604 0.7527324031881988 -0.04421369043571521 0.012622488074733722 -0.6567189288907217
605 0.5880061767876487 -0.08554205495365023 -0.04397934647182645 -0.8031171209591975
606 0.6908047442042395 -0.08360223710873028 -0.013402029568819343 -0.7180667496401483
607 0.790248287472174 -0.02207361974850386 0.008659057005748472 -0.6123278698461029
608 0.8363762361748707 0.06788462205369712 0.001786301133893072 -0.5439331565356562
609 0.737985108542411 0.0006883104700109235 0.006173831362358866 -0.6747884035789677
610 0.831619112817581 0.05616618529216789 0.05363963681881053 -0.549888898040478
611 0.6889241258924768 -0.07568366590018923 -0.010621044027944065 -0.7207931221251712
612 0.8311224626061893 0.02179990396938047 0.014650091811879222 -0.5554688030378057
613 0.7330767403351132 0.027209531403486108 0.33066886402546003 -0.593730777831636
614 0.6340930120165831 0.20842552331637026 0.4442473785303527 -0.5976028112475243
615 0.1612097251731885 0.5206602069545704 0.8336494132814856 -0.08917975745113939
616 -0.7637907006232414 -0.10126894299445276 -0.11678852229757435 0.626680786274634
617 0.44761976653667224 -0.3870603137878493 -0.7101306637965907 -0.3814908890549293
618 0.5161623519632107 0.2682912079384702 0.7538182908696723 -0.3055392585397977
619 0.2826704958655483 0.07972087252141903 0.9479869789542735 -0.12273003293692371
620 0.18054607619229043 0.20627435809852268 0.9265697823377839 -0.25753143889848085
621 -0.1274289786459357 0.4691195059513656 0.7930046587490226 -0.36719525560598726
622 -0.3780721273091304 0.752314038191017 0.44924593233085697 -0.29876938728198543
623 -0.3741006582090751 0.9143543322323899 0.130037047215101 -0.084233122980063
624 -0.42184165107474575 0.9045054290985126 0.002132426810688679 -0.06256998406380714
625 -0.6122312853729589 0.7259357322683762 -0.29749524729603805 -0.09842125615343546
626 -0.7338831901048807 0.030434417281896862 -0.6768707700710422 0.04832359826864533
627 -0.7151548739040765 -0.26105008331286644 -0.5611141538009855 0.32489577827019206
628 -0.7150715401199751 -0.24185593508798434 -0.5638020040378013 0.3351204252446016
629 -0.7060896135872855 -0.2445907794011702 -0.5703162950715074 0.3411042828696165
630 -0.710626051600692 -0.287577991877002 -0.551166750801366 0.32943091261365615
631 -0.6785687271751966 -0.2814983303074517 -0.5654412587197166 0.3749391356892648
632 -0.691212482957755 -0.28891075867165583 -0.5558260645593125 0.36029607669755503
633 -0.6734755800083694 -0.28245143276096984 -0.575626871052344 0.36783900905987915
634 -0.692360969359031 -0.2697843053229383 -0.5783939975193528 0.3366201128025854
635 -0.6809825447163683 -0.28563448422425225 -0.5787174812574899 0.34606616722897315
636 -0.6705506011773726 -0.29690438582649675 -0.5815757165425751 0.3521070332521706
637 -0.6782716995724386 -0.2843402921901451 -0.587831339361463 0.33697539414747624
638 -0.6729245501927936 -0.2855746864315558 -0.5804461314103336 0.3587505215997917
639 -0.6804140414361127 -0.28851490230365867 -0.5789457818625555 0.3444091535206933
640 -0.6726523480456633 -0.2904597076436655 -0.5834512960642468 0.35036632547258717
641 -0.6695814683743992 -0.2898937725348657 -0.5799587809206428 0.3623121172250917
642 -0.6637554747660099 -0.29856636119151 -0.5806364746922495 0.3648946175815234
643 -0.6592080017615379 -0.29219445753474643 -0.586602820954144 0.36873342654033425
644 -0.6670093819235989 -0.29530762218690876 -0.5825169908366704 0.35856080110743144
645 -0.6697844387738499 -0.30421763602440904 -0.5794763491093087 0.3507814081890115
646 -0.678082935808294 -0.27128433808390234 -0.5897097465208951 0.34474737842983744
647 -0.6692331675114631 -0.29092558434691085 -0.5899641671775503 0.3455887054310106
648 -0.6732276317013175 -0.29258628485539173 -0.582314212653001 0.34938228285170686
649 -0.6708566557685173 -0.29336598920874823 -0.5871115820592728 0.3452357658159297
650 -0.6730516848195629 -0.2776122331541854 -0.5905527425593856 0.34810966062475496
651 -0.6676460744471072 -0.3079873026285185 -0.5797252583213702 0.3511568959300068
652 -0.6813758672632093 -0.2731674109159936 -0.5960071033354323 0.32539518419679975
653 -0.6687682863066083 -0.2822265085455308 -0.5959725272972798 0.34338596915368425
654 -0.6608664063288194 -0.2930586326112207 -0.5959225998816231 0.34964050936411845
655 -0.6684372896581937 -0.2812493275172234 -0.5997574262049188 0.3382032455160195
656 -0.6728967708904684 -0.27556435764002984 -0.6005592572399583 0.3325699912304294
657 -0.6712597165961651 -0.2803782226204272 -0.5981011151245855 0.33626403501143803
658 -0.6667493176709693 -0.2915509736273189 -0.5913664094033105 0.3474610006773354
659 -0.6736336983242257 -0.24159629687452341 -0.6096439072925754 0.3408565330451874
660 -0.68591179502746 -0.25186861169467917 -0.5901025806051652 0.34331640835871396
661 -0.6845234616348463 -0.23548236183605278 -0.5853611802149817 0.3651410363583981
662 -0.7218812524519462 -0.23368394548449084 -0.5286656780853582 0.38051527143566694
663 -0.7919371428502167 -0.1743365697801725 -0.37672567102055404 0.4477946973844509
664 -0.8145917308567382 -0.04174000633030289 -0.08747858742734176 0.5718789912499727
665 -0.7405763462091213 0.4871546911107178 0.2548061464366813 0.3863946300124494
666 -0.02714909132445522 0.5430227602604881 0.7023286775166685 -0.45948192284030537
667 0.7908003390201376 -0.06539107996313925 0.10136854411870806 -0.6000693699316301
668 0.7180259314836407 -0.27227619226495714 -0.1747574496106556 -0.6162501688829993
669 -0.3038021523535917 -0.6207286836675894 -0.721359179411147 -0.04517839945044059
670 -0.8439093028552476 -0.05040657774528084 -0.15076614287169873 0.5123922673479465
671 -0.3527610311094827 0.1520036477257453 0.060464192841229024 0.9213026795753396
672 -0.5938725991754515 0.0732885385523292 -0.06796758163332266 0.7983260824452466
673 -0.6240732599778939 -0.002277149964243287 -0.045078847482920584 0.780061073428367
674 -0.5925977700169437 -0.017628495792412553 -0.026942109213412366 0.8048547955116966
675 -0.5792347513653904 -0.008955665723841252 0.02862270310424451 0.8146088875829451
676 -0.6587456081546927 0.0011492348243053669 0.01161499929502157 0.7522752121315704
677 -0.7066415828748065 -0.030306043240068282 0.004365827033258069 0.7069088743605041
678 -0.6688966304577353 -0.007697704010718586 0.05497087857587513 0.7412801397743283
679 -0.6954591154056943 0.020648120990661396 0.016200424225928267 0.7180862205568244
680 -0.6750094567635538 0.057933321892857305 0.06759232499831562 0.732418760747943
681 -0.9712589005421709 -0.16507621015450177 -0.05339378355723332 0.16295734667723144
682 -0.7166770193077708 -0.1703940179874717 -0.047405051255615824 -0.674605580873496
683 -0.8934370131673878 -0.15698814690805757 -0.05488905277961055 -0.4172675605865718
684 -0.8389533726917392 0.055866569297984434 0.043584219749261514 0.5395707374134343
685 -0.751224706979559 0.0453985225264869 0.04979694015737071 0.6565978057584804
686 -0.7500526590287278 0.14349222263091577 -0.02902051590758975 0.644971937672355
687 -0.760341417427521 0.08691928656421966 0.006469931230673128 0.6436490554310985
688 -0.7826212820162558 0.049860937310290857 0.0004976609197331835 0.6204978389965435
689 -0.7278542639305325 0.11534419265608609 0.036644549359839795 0.6749674545493823
690 -0.7768140569463361 0.0497617490429023 -0.000863566455991996 0.6277602595862067
691 -0.7785749787851828 0.047882902012473076 0.007615440250439588 0.6256758227503346
692 -0.795827085692358 0.0745990223135838 -0.011983635394220047 0.6007916677443224
693 -0.7684071222188407 0.03578890675853 0.0325330489728158 0.6381310597368861
694 -0.7876584749247872 0.006816792637023759 -0.008949003433621953 0.6160093940475642
695 -0.6822272094217466 0.09794354052431883 0.014226107644074733 0.7244105986631315
696 -0.7496803162633658 0.06541501799427886 -0.06548084267327066 0.6552957790729819
697 -0.7333447843289206 0.03952020624668943 0.014864090209387991 0.6785445006910271
698 -0.7974582979664288 0.0210978377148679 -0.006361823916496164 0.6029715345227329
699 -0.7718367588174214 0.03292078734970198 -0.008935600887355503 0.6349050279650298
700 -0.7545606833830331 0.06648490025313666 0.02035072390092487 0.652536421334142
701 -0.8416220794917179 -0.01617686660089986 0.010766521490531897 0.5397172095773927
702 -0.7608375479402538 0.04467983608248903 0.02471697561030137 0.6469304514463541
703 -0.7985357306024833 0.041786069433743064 0.021953446900255455 0.6000938739244338
704 -0.8009630492641583 -0.01845114547669109 0.03913476820481643 0.5971484060613533
705 -0.7185503902372049 -0.0019305732038462392 0.031423174429133116 0.6947619690842767
706 -0.6885035275315217 0.04257355911674109 0.02059245314339774 0.7236893915999609
707 -0.4892966797696097 0.10999029623559584 0.027708554873783656 0.8647098530069195
708 -0.655902675720795 0.4109213169864451 -0.16840038166749371 0.6103905820723888
709 -0.6963695145148021 -0.10250451251134021 0.13762686700653864 0.6968652449700702
710 -0.7052809195821366 0.06052429538365751 -0.01527668849859342 0.7061743813890479
711 -0.7151641211834137 -0.0547662432516 0.05583498454245707 0.694567054267049
712 -0.7434125978066191 -0.0031017752182719476 -0.020089297790044137 0.6685241271092707
713 -0.7524006486818268 -0.03451449387974122 -0.009696011765779024 0.6577294283603474
714 -0.765812322616983 0.0005143678651055624 -0.03520820181585721 0.6420993727442624
715 -0.6970446902741267 0.016875397973495274 0.023358039268950095 0.7164484089628458
716 -0.6990117015359009 0.021457328518462528 0.00026269528800928137 0.7147881890182021
717 -0.7367363519140039 -0.02788467992626951 0.026206327707129978 0.675096452947252
718 -0.7466882185269624 0.0024890144878462707 0.005786100075383465 0.6651443679125819
719 -0.7090528746058387 0.010590600090290534 0.012809517282732837 0.7049594147679055
720 -0.6387557256927594 0.041923274215134386 0.05636952114404325 0.7661958229198264
721 -0.7425856490863959 0.03919959937323234 0.030485095377547622 0.6679076314429535
722 -0.6571029748247896 0.0519207011365184 0.10949612478720877 0.7439963171457826
723 -0.9604707035801792 -0.08717969033359946 0.005670463946512254 0.264317186342781
724 -0.5627139360522623 0.2011823834007361 0.12785072057247868 0.7915382922075647
725 -0.8011339720252781 -0.02986102144479141 0.09161367223192873 0.5906772497104111
726 -0.5511255943134844 0.2776900907156236 0.12416188547181012 0.7770023288298706
727 -0.7301691237248005 0.07083304631200564 0.13380257016237132 0.6662826746412233
728 -0.6665475202986207 0.17395185266298385 0.14639347238296568 0.7099465524830253
729 0.8612259160610275 0.3083886239261901 -0.08854382545548302 0.3941400374377916
730 -0.1449751895560931 -0.5033475071630722 -0.1274455871788961 -0.8422476498955175
731 -0.8565318709376862 -0.4928415871517147 0.017526406761485026 -0.15216158880544184
732 -0.43084207752718995 -0.4908098298346137 0.6889477011626973 -0.31437538108510854
733 0.8140157175525149 -0.22617760858758462 0.5303749655984453 0.07017475911973903
734 0.642524946299434 -0.28019542110139384 -0.6591900403502576 -0.2722511893082337
735 -0.49829330775508507 0.3785235018227137 -0.7293760241367133 0.27646763540943964
736 -0.687133825825156 0.38969315301345625 0.48906574784585133 0.3698662544559764
737 -0.36545429417299513 0.7141763207237882 0.49904471169155123 0.3276426674300022
738 -0.4518046712498983 0.710806697112039 -0.3917128811163981 -0.370388170903089
739 0.526756110164631 -0.6027455905411274 -0.2370045190932165 -0.5505039613089519
740 0.5444951369707322 -0.7444810520215889 0.13899989151988051 0.36048861168352203
741 0.48319849850702057 -0.534345256172432 -0.6618258072143669 -0.20731849688735107
742 0.5658467344408946 -0.4347649678360338 -0.46182329750726825 -0.5267980046892938
743 0.40411663179348906 -0.6126974674724048 -0.33023620946060445 -0.5934944036988713
744 0.42660402845697337 -0.6059136826526341 -0.3420869901768429 -0.5778010931370355
745 0.4363454147944995 -0.6337187548685693 -0.3080119589364584 -0.5595818544840173
746 0.41420171691054763 -0.6331557131867119 -0.3288242287684441 -0.5651773236270353
747 0.4437767396476038 -0.6240646236270616 -0.3359618640791954 -0.5483932683479888
748 0.45686214536547076 -0.6295059975064646 -0.3318871905924883 -0.5337134736504933
749 0.4543565077813237 -0.6208909123330406 -0.3591370547662113 -0.5282756995290014
750 0.4467215397543977 -0.62566774727675 -0.3428900936203091 -0.5398204512929763
751 0.43658223836876614 -0.6414476638436404 -0.36094544723869143 -0.5173579300717395
752 0.44282481702413073 -0.6375037205559755 -0.3483659191986087 -0.5254867972135383
753 0.4501041276333729 -0.6489489892860918 -0.34075933077687764 -0.5100534894307212
754 0.43577431446787285 -0.6481641486654155 -0.34735231821848045 -0.5189704714751507
755 0.43495020104739374 -0.642782690905516 -0.36183482429373165 -0.5164535746893617
756 0.42012294995364396 -0.6496318377081785 -0.3511062045238363 -0.5274463152805305
757 0.445477001819379 -0.6371799864003326 -0.3805391561091325 -0.5007413069126994
758 0.4212152246093219 -0.6551638122475414 -0.3451496359528822 -0.5236504964956871
759 0.424811484445007 -0.6513080850678593 -0.36219679100110935 -0.5139518125246438
760 0.4220601651881494 -0.6613701383448028 -0.3486418964698923 -0.5127412457497498
761 0.41240720143077153 -0.6586447449250467 -0.3633722549661584 -0.5138754756859569
762 0.4108612216368061 -0.6567944431334658 -0.3720612886756862 -0.511257775973236
763 0.4269015948495286 -0.6560117431256393 -0.34967167096581525 -0.5149110056312293
764 0.42395745138945595 -0.654061900296764 -0.3749909045992225 -0.5018415401891316
765 0.4204997571781365 -0.6596078682646296 -0.3641995852370741 -0.5054266281565134
766 0.4205560381286391 -0.6644165351123368 -0.36316629014639495 -0.49979348971766724
767 0.40912117270030596 -0.6642066317917333 -0.3678873901189244 -0.5060714223542894
768 0.4127512434468885 -0.667108736194238 -0.35870882857369496 -0.505895563757641
769 0.4117768184323561 -0.6677927590300352 -0.34663564856342227 -0.5141365673960521
770 0.4097100857744605 -0.6738631658603111 -0.35846875008743695 -0.49954602843196905
771 0.4249118571296797 -0.6673564683019486 -0.3672437676084448 -0.48909842878393267
772 0.3955125769067883 -0.6844582085950375 -0.34958931147955885 -0.5028658623277901
773 0.4315560758021143 -0.6598258584914527 -0.37138763383158424 -0.4903676328442512
774 0.4102527050494142 -0.6666607312585111 -0.3753120991893008 -0.49638393970758776
775 0.415013308695426 -0.6764309160709773 -0.35337373728076077 -0.4953101767471384
776 0.4022851984527821 -0.6783279175780973 -0.3591736046593957 -0.49903123855721093
777 0.40311355998359416 -0.6743222913768754 -0.36725899582010674 -0.49790534752982946
778 0.41173564871763274 -0.6786450505685185 -0.3633335318020889 -0.48775341678161876
779 0.4103043193949845 -0.6810800690062583 -0.35969216903484347 -0.4882641176896564
780 0.4096620341440994 -0.6767282200406174 -0.3645325276091823 -0.49125550408767654
781 0.42406707239867925 -0.6634215324907689 -0.39324074950521987 -0.4747638373585186
782 0.4110358328494359 -0.681181716319111 -0.3592976773056617 -0.48779728632811975
783 0.4120157289703385 -0.6806960833037641 -0.36271906709959345 -0.4851090182818253
784 0.41382923350733214 -0.6776055275112479 -0.37031786927549487 -0.48214187774574707
785 0.4098261262147469 -0.6796208416484937 -0.3605889438174052 -0.49003435743369633
786 0.4093026784673377 -0.6752872221065284 -0.3582866751006517 -0.4980854781103656
787 0.4025348953079334 -0.6580332124971079 -0.35523123016528896 -0.5279855324016204
788 0.42966522883877767 -0.5072022622149938 -0.2564857120226843 -0.7016756628664914
789 0.4743900095630921 -0.3119320845506944 -0.009318336586874894 -0.8231437675508704
790 0.8987901896720873 0.06429624424256358 0.012910996364441187 -0.43344606826961896
791 0.5458260700571073 0.45659971382581666 0.5760681690117353 0.4021642291796511
792 -0.5605355277403715 0.04980057576134478 0.11431109899102332 0.818689683239093
793 -0.7865542022893665 -0.17879655939302105 -0.42180230614751973 0.414061700400786
794 0.37693288799795244 -0.5567297317236171 -0.7248449258590851 -0.1502445913063424
795 0.6779923776605665 -0.1186469557660009 0.11716192648336714 -0.7159066410533838
796 -0.25762855442245036 0.6004342058299122 0.6091894529395152 -0.44943798553621994
797 -0.1382164670796676 0.29519703944580034 -0.9384914366176221 0.113968151366255
798 0.7224212788792161 -0.22641930174896774 0.6533228626251757 -0.003321564281113758
799 -0.3557031218234008 0.7514277060506023 0.08923040488782828 0.5485158398334279
800 0.6226184256360905 -0.4574469462066109 0.06542757784546464 -0.6315123272921581
801 -0.708996093000967 0.19510444770864777 -0.14720868609092633 0.6615046464939236
802 -0.48849594894670756 -0.6491220187403015 0.39346554609779916 0.43034541554794353
803 -0.5328333328975919 0.40918672516196425 -0.6393667700340697 -0.3739852893907354
804 -0.5970731277974076 0.49194542435797045 -0.485028431998773 0.4077263784307912
805 -0.6588267588396748 -0.2165309861339481 -0.591892020288218 -0.41076206032178875
806 -0.7450592590676346 0.5884931408933121 0.31370360223344734 0.012352066421082856
807 -0.8085027164464562 -0.10158925192074976 -0.20094744921834895 0.5437123357488984
808 -0.8390890177736666 -0.11154865356068608 -0.4648253054785123 0.2596612283865823
809 -0.10886885401876789 -0.3211415106303163 -0.7901931083184417 -0.5105002980809692
810 0.6752116135991675 0.0541834988605662 0.06183264857975501 -0.7330280682768211
811 0.7901615354252522 -0.01800888521408291 0.10528578713186831 -0.6035191223281801
812 0.796201016010525 0.0034074617757888785 0.07278626297381895 -0.6006284136055838
813 0.7900314359565446 -0.002918634602629102 0.08356731364233798 -0.6073370693964758
814 0.8240648366245495 -0.007763027698335586 0.07464672048158383 -0.5615022240038355
815 0.7642214116691687 -0.023131596530195826 0.06475675794695002 -0.6412777288262452
816 0.7757402008450027 -0.026469434885651528 0.06776812436363462 -0.6268444712446812
817 0.7826593948618755 -0.0021557716576965 0.06455323202041865 -0.6190900617185845
818 0.7665265582613303 -0.016190248621552567 0.06253566377778717 -0.6389555556417702
819 0.7734641098549538 -0.020136721068032618 0.05785275458208685 -0.6308730791674161
820 0.7680254085000846 -0.01020051910112951 0.07329080324807603 -0.636130002018139
821 0.7710071842816691 -0.020316674088825263 0.0648583073825213 -0.6331891932933593
822 0.7829253787183359 -0.02643885130223103 0.06297556928765263 -0.6183550082060184
823 0.7615723947687743 -0.03802233112144524 0.07185373269444421 -0.6429609871213965
824 0.7387739566401051 -0.07568406470454943 0.051195367043972394 -0.6677304828546878
825 0.7207955226249351 -0.096474540059061 0.03740763283973768 -0.6853810230007588
826 0.45616896042560706 -0.5146604818464245 -0.04055535009254374 -0.7248377277354554
827 0.048731620109645796 -0.7937616562305001 -0.207419278996065 -0.5696884280029347
828 0.07837885830574844 -0.8800913910943773 -0.3400883711038125 0.321925143056902
829 -0.31454413884954857 0.33947757072503937 -0.20914350258779205 0.8614383083049719
830 -0.46250273298233163 0.5724149831117659 0.3452360220400934 0.5824469058883935
831 -0.10834892838722544 0.6934890747676659 0.7082143629850822 -0.07593305575874569
832 0.7829935520420707 -0.1275238405975802 0.3187796367779216 -0.518689030841718
833 0.4872651373240216 -0.5368670236275132 -0.19901640542726187 -0.6593473707089075
834 0.5680173943661242 -0.4417811455769289 -0.17683551483805662 -0.6715019432601926
835 0.5735278851386646 -0.44073961923653393 -0.2152415526561563 -0.6561138826558792
836 0.5564138400988374 -0.45688890769447105 -0.21546080055038905 -0.659721765593954
837 0.5777595019051704 -0.46323992680509557 -0.2856167858173863 -0.6082974435514621
838 0.5024052328031444 -0.4785766554090059 -0.2585357564081341 -0.6720956997392722
839 0.49908663833115263 -0.5194669431301743 -0.2453869176054703 -0.64873097899082
840 0.4970973084359544 -0.5423222032103765 -0.22715028784415298 -0.638109426809455
841 0.4207671635266461 -0.6391496552759267 -0.3619761043569532 -0.5323683049665605
842 0.27460462436910227 -0.5632220518685578 -0.7671845359492363 -0.13711713373765816
843 -0.030213951425829656 -0.18620500716031874 -0.9302733775630251 0.31465259484889774
844 -0.18466264589428066 0.2347773969380661 -0.7466974367434003 0.5943250113020191
845 -0.3774106486487109 0.5996198195932131 -0.29449111018736096 0.6413207156003753
846 -0.3719099709553744 0.6435440557355432 0.3265358132977393 0.5838736031585986
847 -0.39871603625596663 0.6394077952060719 0.363190396854243 0.5479743876267376
848 -0.39930298308278594 0.6477259366157002 0.35559680805675103 0.5427330364335237
849 -0.40986501671693093 0.6416418588122829 0.36523843358519914 0.5356372650626339
850 -0.41820351816768714 0.6276261425909817 0.3813165572283886 0.5345922985902647
851 -0.3904220460973161 0.6480999469194524 0.3502526691442389 0.5521414243484405
852 -0.40283362770069875 0.6438296140164355 0.3564067364072086 0.5442267310161317
853 -0.4102926949140421 0.6353295393806988 0.3872287674024363 0.5273235843260491
854 -0.39309381432848534 0.6395746248110705 0.3752822251223446 0.5436771136820847
855 -0.38186189462630915 0.6407428815806141 0.37568005171962854 0.5499950471378026
856 -0.40421726860669827 0.6342748825914615 0.3747036224743655 0.5421263398676698
857 -0.3690833824054728 0.6369514314912578 0.3798230997640942 0.5601827769924457
858 -0.375606360509722 0.6536313986002034 0.3444017746984681 0.5595295115479865
859 -0.38516279290469546 0.6353892294609281 0.37067074948750983 0.5572551888688612
860 -0.4037792689471737 0.6295913430880418 0.38710769758092994 0.5391889030299797
861 -0.3841026236894394 0.6389968564776837 0.3586121285547494 0.5617343973266719
862 -0.4048945687689177 0.6335931486778635 0.3781360514716477 0.5400307738521336
863 -0.38223658128791277 0.6410045395232744 0.3598225162285993 0.559942973034579
864 -0.3810264147811663 0.643176081084516 0.3630138609024786 0.5562053009028686
865 -0.400668547059352 0.6313709361115569 0.3727708471938278 0.5494336647069965
866 -0.3924302432183127 0.6394692084147235 0.3711767888093449 0.5470881347152814
867 -0.3942782439068816 0.6288270175385638 0.38431087349198306 0.5490231333114199
868 -0.3916711100081044 0.6464619361450881 0.3532833295646375 0.5512454949950044
869 -0.3871769840411938 0.6341683817212892 0.37472004277131965 0.5545352434239205
870 -0.3962597850131498 0.633401286391776 0.3715637635524588 0.551109211312339
871 -0.385278413150447 0.6371607837886172 0.3675006403439472 0.5572521505646589
872 -0.38681554262761664 0.641352443683286 0.3621193139737534 0.554896730401575
873 -0.41439237452058325 0.6219991919886944 0.3846161327081487 0.5417253875952572
874 -0.3865547429971205 0.6360136375197833 0.37173365886092696 0.5548659031019582
875 -0.41073156525690335 0.6281329274406757 0.3717319939469035 0.5464100396613155
876 -0.39260971213425766 0.6405590326056148 0.35870179345489733 0.5539627812926194
877 -0.40305611839705513 0.628883904535779 0.3756530384202135 0.548575969911364
878 -0.3997333269120202 0.63036244608499 0.36761469708375005 0.5547214511893501
879 -0.41948489369726616 0.6193370974326976 0.39385405626739056 0.5341656728629776
880 -0.38879947170924245 0.6357820879084823 0.36627366780704235 0.5571891131066014
881 -0.389628923908045 0.6408275367806837 0.35787253813509057 0.556288249207736
882 -0.39916678778433484 0.6292215951732041 0.37680432320777296 0.5502404580813341
883 -0.39774125228320595 0.6315755459034951 0.3694645098764799 0.5535433153698287
884 -0.4000025537754955 0.6268903325963857 0.3748914564336942 0.5535908812140047
885 -0.3942786441954586 0.6303891601728896 0.35391131304604767 0.567362882083356
886 -0.3958647418721418 0.6221945600885812 0.352858990419766 0.5758954492081205
887 -0.37986636969894916 0.612157531525674 0.33931072758720005 0.604841241907643
888 -0.3757490365033459 0.5671348621053498 0.27048785944439013 0.6811806130863861
889 -0.2425414037051435 0.4555181481920536 0.12749699384973615 0.8470073203436327
890 0.14632632708868573 -0.19886437867426748 -0.4086258974023867 0.878673113772879
891 0.3233012958596728 -0.5184777269576574 0.17395957156402866 -0.772266266391027
892 -0.06894394402392609 0.7302862496954251 0.5546793313974087 -0.39275891512318406
893 -0.5915245714830802 0.14926808786550821 -0.05986696564119904 0.79008459401614
894 0.24944582218775627 -0.6559341169410327 -0.5851431121477358 -0.4063677574955034
895 0.7061237168477982 0.16978075751004268 0.23305894967543125 -0.646720431763642
896 0.7460131056637506 0.23240705537360878 0.4742412385921045 -0.4056435065536245
897 0.34930721876009213 0.3917026569827486 0.8260169364836171 -0.20554687075449307
898 -0.7132155243936922 0.43291252258869317 0.5238093896237312 0.17185484250302316
899 -0.619512900275596 0.08446428173842589 -0.006321936486548211 0.7804034755314659
900 -0.6831694747386198 0.09522836456367911 0.017532665460101116 0.723811876808988
901 -0.5677737550720308 -0.14305461990064153 0.142589324984913 0.7980204403252059
902 -0.6473687188309241 0.028233076283861663 -0.008141411518442146 0.7616103680368623
903 -0.41505093665466625 0.046968936297330635 0.04539490150858619 0.907450242119207
904 0.24100416293189272 0.2530801542420888 -0.21289448777960246 0.9124381436850165
905 0.30718332440762136 0.1399235776842993 0.13734640372565418 0.9312334632075554
906 0.37440106144187474 -0.13962880546065434 0.6409885779529488 0.6553329572138766
907 0.6053742021555273 0.031858136078227246 0.15796891868488872 0.7794568334806662
908 0.7883104776893521 0.09419665991899286 0.15848759130376144 0.5870053350933219
909 0.4176521777516065 0.0451615704452231 0.17230483901780544 0.8909759443583816
910 -0.5824240085373501 -0.056936511756392034 0.016057099912277828 0.8107297191115582
911 -0.7801827841029415 -0.06727312962006694 -0.036238084659432936 0.6208670957948412
912 0.8241956288435525 -0.06078619287194128 0.19734207503408843 -0.5273165174471178
913 0.9681664586943961 0.14195954829175653 0.1347296521276492 -0.1560420319834216
914 0.47642084748846747 0.0659614934889152 0.10762523767990395 0.8701086516461184
915 0.17839619603996024 0.0442552541552491 0.11597342698561616 0.9760975535013591
916 -0.6503603766910819 0.03555860564020062 -0.18350775640398514 0.7362688838561183
917 -0.9011468115195794 0.027452244697430645 -0.20310611874218618 0.3820061555507362
918 -0.75432741234237 0.015276807417943534 -0.208930236636572 0.6221775714078459
919 -0.8256931617580548 -0.024249369416300227 -0.1714352316074578 0.5368917321700866
920 -0.9657245431080599 0.048272255501114275 -0.250586990838072 -0.047455834312381893
921 -0.7958000414284409 0.0019810724682031954 -0.16237632673019833 0.5833800630223626
922 -0.36109330173985893 0.09797163149961725 0.0427084274732985 0.9263850047807705
923 -0.5502713342167492 0.10849729240283738 -0.021285141865601737 0.8276332152688974
924 -0.7739907414298508 0.04704111568199791 -0.0777833816234906 0.6266380224335875
925 -0.7401005576806412 0.04662715961717423 -0.0759513006944862 0.6665646798545917
926 -0.7733724472853716 0.05791919719325829 -0.06797439906001558 0.6276303892011232
927 -0.7749448880818344 0.030905496913212156 -0.03744036932000734 0.6301614788620151
928 -0.7505683822133576 0.05321410291934046 -0.0377889052754675 0.6575616788638116
929 -0.7760609384717767 0.036161828093291354 -0.05871916787027808 0.6268762248577294
930 -0.7678144606246796 0.034445172060495924 -0.036990283541146834 0.6386753503157148
931 -0.755404608842073 0.0049444681662023215 -0.04141343840229742 0.6539299322514661
932 -0.7683652762127913 0.021301630072670264 -0.049325334192456945 0.6377523455648678
933 -0.7789357197524476 0.02463016673122861 -0.021974022519567926 0.626234494191144
934 -0.7987165670568408 0.014718148927054522 -0.049908724185348995 0.5994533683709575
935 -0.7820158061725055 -0.0026345077910454586 -0.04078315977496121 0.6219172550619858
936 -0.8426134127955519 -0.015996728235887683 -0.06637772508616822 0.5341729484681578
937 -0.7577131741160473 0.028709779430546412 -0.01686632323190558 0.6517376937669563
938 -0.802236079499108 0.011503985527501145 -0.03340309866138712 0.5959607068143852
939 -0.7795273011258613 0.015843925881914484 -0.032397830394888125 0.6253291432500034
940 -0.8025795612664283 0.006391095961470668 -0.03370671629907634 0.595557771342237
941 -0.7799470552211476 0.019140446235866086 -0.03582279677294452 0.6245261896839207
942 -0.7940972902108676 0.011183359394600778 -0.03516878901717 0.6066692529142005
943 -0.7711669476450402 0.028119064640647066 -0.04004020230815911 0.634750060466865
944 -0.7799909912535165 0.020718649934578556 -0.022765612453854743 0.6250332135157669
945 -0.7721018144189529 0.016013939028637347 -0.026340210749905477 0.6347507662267124
946 -0.7938149828946179 0.01267820213429087 -0.041906957422579515 0.606581274885931
947 -0.7754882143485771 0.021754702288340498 -0.032570375892184984 0.6301459616224185
948 -0.7732198116120188 0.017429394059216466 -0.02198890879301166 0.6335170297975385
949 -0.7914042816222494 0.01743438600886232 -0.04508134458205893 0.6093791739017169
950 -0.7766638748394301 0.012373289796051574 -0.028166834685140293 0.6291635372801296
951 -0.7706054165071472 0.020714761296971116 -0.03108407788622397 0.6362169211960798
952 -0.7607101038909906 0.01657660162611836 -0.018562635546031755 0.6486145100737978
953 -0.7827718160336337 0.014749783544461832 -0.04486866227282317 0.6205139249482204
954 -0.7805842516975393 0.02001711902775173 -0.030605981753547878 0.6239798192478044
955 -0.7671890345210357 0.01713269085145368 -0.02306665927885107 0.6407771730052366
956 -0.7940502077115303 0.01845892710383863 -0.034801276401797754 0.6065743209238719
957 -0.7802715584201392 0.018257649234449905 -0.033381707601311095 0.6242824801022849
958 -0.7870540256495858 0.020963804243392736 -0.03203365631271051 0.6156949930636638
959 -0.7856566692813967 0.012569717095403075 -0.02366752948495571 0.6180820724417448
960 -0.7809209915477834 0.010614478262876457 -0.04445503469769839 0.6229554460001616
961 -0.7837873697096958 0.02244995727964628 -0.03940046292863371 0.6193714249323328
962 -0.7730209867279116 0.01674655062962403 -0.034129581973500224 0.6332403009557503
963 -0.7731902661513927 0.014545850650218906 -0.02954752530891386 0.6333183830473571
964 -0.7934513802526826 0.011420947750289246 -0.03738065959835315 0.6073772760118624
965 -0.7774123544483235 0.009217822138068245 -0.0342201246254055 0.6279920747722593
966 -0.7739625984628006 0.014451316347951465 -0.0317777107867691 0.6322683233672817
967 -0.7871809878231366 0.008118913195397467 -0.03758050223658309 0.6155224459838673
968 -0.7818756027923468 0.008656978951470353 -0.037222533101471326 0.6222620681859437
969 -0.7774380864909661 0.010838014143537862 -0.019325394744270214 0.6285690799273119
970 -0.7802014510821608 0.016822677303226844 -0.03140465722127258 0.6245129628458136
971 -0.7905014955203664 0.003944168567484207 -0.03936435738939925 0.6111810504929739
972 -0.7781291804468377 0.016456481261575954 -0.03442225826227225 0.6269443921894076
973 -0.7845742109589862 0.01307085512195449 -0.03636817582291239 0.6188293916999894
974 -0.7819134798696584 0.0029074542397363842 -0.03336472897030866 0.6224866677838996
975 -0.7754153022382224 0.005870979966952154 -0.0415162855802866 0.6300579645402871
976 -0.7653125148439004 0.024669376810191716 -0.03140783656280106 0.6424186518723954
977 -0.7604218301383929 0.022715467240734744 -0.01734111822783176 0.6488003802523705
978 -0.7840797101318449 0.011840464078122741 -0.03173947586015081 0.6197349572535825
979 -0.7806538507772504 0.0034058262625942257 -0.02631217733586081 0.6244002201616891
980 -0.7703434322654986 0.011401209956163547 -0.03793070276972735 0.6363978869892176
981 -0.7728500063608457 0.007768911812555755 -0.03989854796791616 0.6332855734558789
982 -0.7735854625168374 0.011920628820234199 -0.03245954755406656 0.6327478238316798
983 -0.7736389617090772 0.012654978305280461 -0.023911920787691967 0.6330488357891808
984 -0.7645563236733233 0.008339085744247066 -0.026280950903995282 0.6439669239950638
985 -0.7962360138145983 0.010926467213897395 -0.05147440181506587 0.6026932956128213
986 -0.8670183632050255 0.095393709650754 -0.040600447989367835 0.4873713180393454
987 -0.7723892597035118 0.06592016010751973 0.000375622895595898 0.6317192595556197
988 -0.7489015168829463 0.0901482927233067 0.03714938056219214 0.6554690891669419
989 -0.8168753675002121 0.3067444420509875 0.17896688422580345 0.45452539598214925
990 -0.3565068257128321 0.7418459885994508 0.5652298824663267 0.05552109856771953
991 0.7408606873274822 -0.12950058756704333 0.1484122269129575 -0.6421283755567714
992 0.18955803195160856 -0.8255297793760996 -0.5311028939720285 -0.022317076430782835
993 -0.6436728676172369 0.40171197680614784 0.190288548808228 0.6229791291659444
994 -0.1333147904622654 0.8189410218263102 0.5514705392915369 0.08627290251047787
995 0.6931890527550931 0.2657135373185112 0.17694935307567322 -0.6461997985702888
996 0.4877907653351822 -0.6264186232857093 -0.32247825411545766 -0.5154295812981636
997 0.49690539145167084 -0.5674078489736732 -0.22904002118066252 -0.6153649596515003
998 0.5237518153531346 -0.5712153671440588 -0.1952350798160913 -0.6010659729696719
999 0.531588483636838 -0.5399138785488469 -0.21795750280975185 -0.615143247369233
1000 0.5323406680369023 -0.5268908466359178 -0.27059895718805704 -0.6047938932016811
1001 0.529325781583376 -0.5655832217122579 -0.21159414139505828 -0.5959511352418243
1002 0.5145026383216287 -0.5605078785958176 -0.240553066894193 -0.6027040527488573
1003 0.507310682254275 -0.5455114884109867 -0.27353080498913507 -0.6084685582709495
1004 0.49243037897950775 -0.5518664760475356 -0.24910363056246068 -0.6252224369882885
1005 0.4854861622649495 -0.5485600860768496 -0.2744901520591763 -0.622928707506036
1006 0.4879535111305054 -0.5484726744271934 -0.2869939122974752 -0.6153970999982716
1007 0.45863844568627954 -0.5658444888263022 -0.2806273207902065 -0.6250752734107187
1008 0.5084557720480014 -0.5385625192982316 -0.2903321900479928 -0.6059128320972819
1009 0.47575618524182495 -0.5562232052836439 -0.2808215082182019 -0.6208148505232378
1010 0.46397286064283666 -0.554959430774839 -0.2895693277904658 -0.6268164158539143
1011 0.469055368631064 -0.5581397312071733 -0.29454979699055717 -0.6178248284903921
1012 0.4682443829862198 -0.5606717326252585 -0.3041660763207341 -0.6114551529364147
1013 0.4738021765421147 -0.5688161233056158 -0.31402009375736906 -0.5944334244372016
1014 0.46009513582706846 -0.5813609440358563 -0.2937139259449734 -0.6033772024563075
1015 0.45173223533474754 -0.5847038910260534 -0.3061028688298193 -0.6003002424392477
1016 0.44669304675902993 -0.5843728438260458 -0.31337391549521715 -0.60064173220231
1017 0.43945048014782806 -0.5776175091131124 -0.3355668411593887 -0.600529919136521
1018 0.43692665624369276 -0.5768771897568427 -0.33695607377361647 -0.6023025895254168
1019 0.454256905847031 -0.5867545927727331 -0.33269969075601896 -0.5819627368837589
1020 0.4475102649868822 -0.5996546210193562 -0.34245324126366145 -0.5682206224430043
1021 0.4439804105857069 -0.5977134204987656 -0.32736785646326017 -0.5817648567303314
1022 0.44972761087152424 -0.5940450615353364 -0.32374825731429036 -0.5831317233449311
1023 0.45248961339556987 -0.5987919822135002 -0.3232030873016443 -0.5764035705689554
1024 0.44460886644654735 -0.5969646029186404 -0.3239884823195701 -0.5839415056866294
1025 0.4490348892048641 -0.5984674839977611 -0.31019132725303417 -0.5865029235827952
1026 0.43363418842547397 -0.6015641915493779 -0.3156352623193952 -0.5919934925779933
1027 0.4704533022199385 -0.5911622298266539 -0.32447870388747835 -0.569134851489729
1028 0.469740921346591 -0.5906397082964707 -0.33075500770568556 -0.5666474447780804
1029 0.4569932656099654 -0.5942829263964068 -0.32531346680143924 -0.5763298594541945
1030 0.4659885091711603 -0.5987434714998295 -0.31317896551253355 -0.5712091562792665
1031 0.47781518527565664 -0.5940500162549592 -0.32973198956837213 -0.5568429239585931
1032 0.47357266684366417 -0.5912693872057919 -0.3295555146225121 -0.56349144071029
1033 0.46266341566528124 -0.6054994041005056 -0.3229651581092917 -0.5612544361395355
1034 0.44519410846319213 -0.6076389893392178 -0.30897143190271065 -0.5806149487332086
1035 0.45772541811856016 -0.6064788519103038 -0.3109658768791724 -0.5709387595973112
1036 0.4421194604360603 -0.5991175801519876 -0.31298201794681657 -0.5896022085257925
1037 0.45443937093839076 -0.5871853835267451 -0.3126332651282209 -0.5924176103467355
1038 0.4536895747347487 -0.5795130132072586 -0.3203199194301742 -0.5964273522539802
1039 0.4665444196923457 -0.5754705208285626 -0.33454376247977713 -0.5824521054104875
1040 0.5197072563802088 -0.5355940361390992 -0.25584810484702114 -0.6144795711528358
1041 0.5544551991209967 -0.3526435566256163 -0.34421828323479736 -0.6706233873233325
1042 0.7677959333455755 0.5079219843551478 0.1705718319045536 -0.3512974703971693
1043 -0.4089285321847261 0.06591639867983856 0.13443991713033604 0.9001990849985988
1044 0.27341252681187783 -0.7675309871081267 -0.4846148098574099 -0.3182613078557229
1045 0.42058236908978563 0.4880733239055803 0.5932242793731881 -0.4826798687170861
1046 -0.8586104969006709 0.21055844078075278 0.16366503786976966 0.43779779922590734
1047 -0.6401838323523752 -0.17451714202698604 -0.5971266361856686 0.4507196559846784
1048 -0.01453183207679236 -0.40717137200670556 -0.7070101816669782 0.5780457617644953
1049 0.8661106698918524 -0.4697721628376373 -0.13370363629328855 0.10625328307533442
1050 0.8382790741822735 -0.07223356238579196 0.03827200815112429 -0.539078621024103
1051 0.7783935003727718 -0.058509815073643605 -0.0033059586060083033 -0.6250353836025343
1052 0.7719797471808668 -0.06406710695501652 0.016875532258591338 -0.6321850141849051
1053 0.7717879886957343 -0.050650837027179534 0.0599399290895029 -0.6310190156518143
1054 0.7883542244724294 -0.015939690849659016 0.13682083899540387 -0.5996028694299965
1055 0.7542503238183619 -0.047824326438402544 0.011127359119875332 -0.6547483980122646
1056 0.762944567613616 -0.03634310869333659 0.032965291940696875 -0.6445991426666976
1057 0.7306342228672033 -0.044613045950246434 0.012918122102924935 -0.681187515026232
1058 0.8157144238309337 -0.027458172653851073 0.04597492769596427 -0.5759707748940305
1059 0.743750508473531 -0.05941772957134616 0.02447334297065361 -0.6653613830406686
1060 0.7168044178162074 -0.0677213122058263 -0.0023750526554242785 -0.6939737816352813
1061 0.757536195623108 -0.05676576549197745 0.032828790659148704 -0.6494912090958859
1062 0.7626563396761296 -0.043804722972945395 0.016868389539746485 -0.6450983732977528
1063 0.7658668080089385 -0.04605234450156108 0.020187768236148967 -0.6410301615132886
1064 0.7729655107579096 -0.047468290653687586 0.03705699552552302 -0.6315836125516574
1065 0.7348567633718223 -0.057764417498187434 -0.005743164841707224 -0.6757335461965653
1066 0.7785462063383883 -0.05315497317736412 0.03461328296444456 -0.6243735052555005
1067 0.7551026327673713 -0.05971892938726528 0.005384997681602498 -0.6528588402255056
1068 0.7826916066461239 -0.04837848788174447 0.025982866881492088 -0.6199824686429477
1069 0.7618522886332244 -0.06034679978007374 0.009759637403696621 -0.6448597549377462
1070 0.7762732094943955 -0.05098483781865112 0.01444106990155894 -0.6281655084720702
1071 0.7676319202922165 -0.05194621150867906 0.0253525028804704 -0.6382789959383559
1072 0.7661014403713167 -0.05329378818472252 0.032374581896086316 -0.6396876125492579
1073 0.7591822026215213 -0.06455228446911848 0.004722539899461326 -0.6476519770752279
1074 0.7557091069198777 -0.06697537100704148 0.004674085306105463 -0.6514569811763331
1075 0.7660250385969197 -0.06141022894302335 0.023824150159085275 -0.6394269574337248
1076 0.7695244941515268 -0.04916402655462282 0.012325293277064296 -0.6366027321174544
1077 0.7938208901600193 -0.04635267237748793 0.04133282232011345 -0.6049722488743376
1078 0.7688712561262265 -0.053466034423871614 0.01572567410900728 -0.6369702330876077
1079 0.7570587051591828 -0.05299252249667143 0.032806431525045074 -0.6503673174081963
1080 0.7345340366645537 -0.06183217912296772 0.0032506973167475113 -0.6757410477195656
1081 0.7838344298491606 -0.04692261907170818 0.040547717376894166 -0.6178654683812781
1082 0.7208509639550891 -0.062337899813358834 0.010135202320175321 -0.6902066007260489
1083 0.8006282769048839 -0.0356810806456429 0.0703533029916875 -0.5939458186252643
1084 0.763458897477505 -0.04133620265855664 0.022602218273832166 -0.64413583190295
1085 0.8006784062980297 -0.027659729333291787 0.07155623673547218 -0.5941622118963081
1086 0.7578721988765885 -0.030417031340242963 0.029417017407679068 -0.651029318434468
1087 0.7704277058792403 -0.03092624167333339 0.039136482696363405 -0.635573011786821
1088 0.7937045544383299 -0.025053645829893795 0.0493540341694154 -0.6057801370181153
1089 0.7689880323855496 -0.040671939062001804 0.04051137371621549 -0.636680475607948
1090 0.7630200574484445 -0.05408879980937685 0.030600407501318344 -0.6433804541072933
1091 0.7378029774899697 -0.05015006331201684 0.035419063370702795 -0.6722181398226903
1092 0.7969922132312769 -0.029941694278994662 0.05092570789714404 -0.6010935694778216
1093 0.7719849109199086 -0.029431284144046846 0.043214521896644605 -0.6334868601027631
1094 0.7608902342422305 -0.05504239218398606 0.0412104804031585 -0.6452271559709873
1095 0.7664309583806437 -0.053102939395780466 0.03999354964152697 -0.6388772807435924
1096 0.7757460124131508 -0.04897955082906416 0.03289400044638745 -0.6282810776716994
1097 0.7696793177692199 -0.0448244823745768 0.034240547778437706 -0.6359340362537548
1098 0.7646165681479468 -0.04233879680570423 0.03825898654165385 -0.6419541883557636
1099 0.7744784180892516 -0.045964015639802645 0.044498568782497555 -0.6293571057488297
1100 0.7613841356591213 -0.04275182450631667 0.03757972729294286 -0.6457973703605349
1101 0.7670222462212755 -0.05277436231278043 0.05181136289987104 -0.6373439598510416
1102 0.7740585849462738 -0.04527347221504664 0.042431213727491236 -0.6300660377184106
1103 0.7520382859727727 -0.05188945856795463 0.03437291410328555 -0.656174064785181
1104 0.7876206784514886 -0.038230645114360334 0.054584669897946796 -0.6125459970172762
1105 0.7873402053498815 -0.04360018035935377 0.058824184675527 -0.6121553239248171
1106 0.7702538186020644 -0.0462173307251273 0.03614815297621531 -0.6350325379899759
