b'-0.30 0.45 -0.67 9.63 1.66 0.30 14.17 29.48 3.88\r\n'
b'0.02 -0.54 0.06 0.02 -0.05 -9.04 9.13 24.58 -11.10\r\n'
b'0.43 0.29 -0.16 9.62 1.42 0.17 13.30 29.50 4.41\r\n'
b'-0.37 -0.23 -1.05 -0.07 0.13 -9.04 9.23 25.16 -10.74\r\n'
b'0.18 0.05 -0.09 9.52 1.94 -0.00 13.29 29.02 4.28\r\n'
b'0.01 0.09 -0.67 -0.14 0.40 -8.96 8.55 25.70 -11.17\r\n'
b'0.46 -0.11 -0.46 9.54 2.01 0.08 14.35 30.08 2.17\r\n'
b'-0.55 0.63 -0.12 0.12 0.34 -9.21 8.65 25.24 -10.86\r\n'
b'-0.03 -0.17 -0.74 9.61 1.87 0.22 14.37 30.41 3.60\r\n'
b'-0.02 0.31 -0.16 0.36 0.28 -9.28 8.75 25.36 -10.31\r\n'
b'0.11 0.09 -0.48 9.54 1.87 0.13 13.59 30.49 3.37\r\n'
b'-0.11 0.14 -0.76 0.11 0.30 -9.24 8.56 26.09 -10.71\r\n'
b'0.75 0.34 -0.23 9.50 1.99 0.03 14.07 30.31 3.37\r\n'
b'0.12 -0.01 -0.80 -0.10 0.34 -9.11 8.65 25.89 -11.16\r\n'
b'0.35 0.12 -0.35 9.53 2.03 -0.03 13.60 30.06 4.44\r\n'
b'0.08 0.19 -0.60 0.00 0.37 -9.10 8.26 24.87 -10.66\r\n'
b'0.42 0.00 -0.38 9.54 2.01 0.00 13.85 29.86 1.50\r\n'
b'-0.06 0.35 -0.61 0.13 0.44 -9.05 8.16 25.53 -10.64\r\n'
b'0.61 -0.01 -0.36 9.49 1.99 0.04 14.08 29.51 4.53\r\n'
b'-0.05 0.16 -1.01 0.29 0.44 -9.18 8.53 24.65 -11.54\r\n'
b'0.45 0.09 -0.15 9.54 2.03 0.10 13.67 29.82 3.02\r\n'
b'0.17 0.08 -1.08 0.16 0.41 -9.11 7.76 26.05 -11.60\r\n'
b'1.05 0.14 -0.17 9.49 2.14 0.03 13.09 30.21 3.35\r\n'
b'0.33 0.05 -0.86 0.06 0.33 -9.08 8.06 26.07 -11.05\r\n'
b'0.50 0.03 -0.17 9.51 1.92 -0.09 13.76 29.79 2.04\r\n'
b'0.38 0.06 -0.84 0.03 0.25 -9.09 8.37 25.74 -10.08\r\n'
b'0.66 -0.12 0.06 9.51 1.96 -0.11 13.79 30.69 3.60\r\n'
b'0.73 0.08 -0.77 0.03 0.27 -9.16 8.44 25.67 -11.82\r\n'
b'0.14 -0.20 0.19 9.52 1.91 -0.21 13.88 30.03 3.57\r\n'
b'-0.30 0.05 -0.98 0.36 0.39 -9.20 8.05 24.84 -11.54\r\n'
b'0.22 -0.20 0.32 9.48 1.97 -0.03 14.13 29.11 1.36\r\n'
b'0.84 -0.38 -1.22 0.03 0.22 -9.30 6.99 25.70 -10.86\r\n'
b'0.04 -0.07 0.25 9.50 1.95 -0.33 14.52 29.11 1.26\r\n'
b'0.57 0.27 -1.10 0.31 1.12 -8.82 7.07 25.28 -11.97\r\n'
b'0.18 0.00 0.23 9.58 1.94 -0.21 14.14 28.84 1.79\r\n'
b'0.48 0.70 -0.86 0.35 0.47 -9.17 7.47 25.97 -11.17\r\n'
b'0.77 0.24 0.00 9.50 2.04 -0.12 14.42 29.82 0.20\r\n'
b'-0.35 0.89 -0.42 0.28 0.19 -9.16 7.85 25.39 -11.84\r\n'
b'-0.16 0.38 -0.35 9.59 1.70 -0.06 14.99 29.44 -0.13\r\n'
b'1.07 -0.23 -0.70 0.26 0.02 -9.48 8.04 25.09 -12.29\r\n'
b'-0.01 0.46 -0.11 9.50 1.97 -0.10 14.24 30.15 1.52\r\n'
b'0.84 0.34 -0.87 0.21 0.25 -9.11 7.96 25.23 -11.09\r\n'
b'0.05 0.38 0.01 9.62 1.92 -0.12 14.04 29.95 1.40\r\n'
b'0.29 0.35 -0.83 0.39 0.19 -9.21 8.35 25.60 -11.39\r\n'
b'0.45 0.24 -0.02 9.52 1.98 -0.00 14.43 29.04 1.91\r\n'
b'0.12 0.77 -0.63 0.45 0.11 -9.21 7.46 24.74 -11.55\r\n'
b'0.35 0.18 -0.22 9.48 1.99 0.01 14.62 30.03 0.65\r\n'
b'-0.02 0.53 -0.63 0.41 0.14 -9.17 7.55 24.73 -11.88\r\n'
b'0.30 0.15 -0.26 9.60 1.82 -0.00 14.42 29.75 0.85\r\n'
b'-0.06 0.10 -0.31 0.33 0.01 -9.31 6.58 24.56 -11.14\r\n'
b'0.02 0.07 -0.09 9.54 1.81 -0.09 14.14 29.77 1.39\r\n'
b'0.48 0.20 -0.36 0.35 0.09 -9.05 7.49 24.62 -9.71\r\n'
b'-0.26 -0.14 0.02 9.58 1.85 -0.06 13.46 30.52 1.52\r\n'
b'-0.02 0.09 -0.05 0.61 0.26 -9.25 7.44 24.70 -12.64\r\n'
b'-0.18 -0.10 0.10 9.46 1.95 0.08 14.25 29.53 2.58\r\n'
b'0.33 0.11 -0.04 0.51 0.22 -9.15 6.77 25.46 -12.18\r\n'
b'-0.76 -0.06 0.03 9.65 1.97 -0.07 14.35 29.72 2.70\r\n'
b'0.75 -0.16 0.13 0.45 0.23 -9.13 7.46 25.74 -12.27\r\n'
b'-0.41 -0.13 0.09 9.56 1.90 -0.00 13.54 29.10 1.14\r\n'
b'0.70 0.23 -0.17 0.48 0.26 -9.04 6.96 24.98 -12.42\r\n'
b'-0.60 -0.39 0.18 9.57 1.99 -0.15 13.66 29.05 2.33\r\n'
b'-0.28 0.61 -0.16 0.89 0.30 -9.17 7.18 24.77 -10.68\r\n'
b'0.05 -0.35 0.09 9.46 1.98 0.11 14.35 29.25 2.68\r\n'
b'-0.04 0.30 0.00 0.71 0.27 -9.19 7.75 25.10 -11.86\r\n'
b'-0.67 -0.16 -0.09 9.61 1.89 -0.03 13.56 29.05 2.33\r\n'
b'-0.09 0.41 -0.02 0.82 0.27 -9.26 8.73 24.75 -11.53\r\n'
b'-0.11 -0.21 0.01 9.53 1.98 -0.09 14.92 29.95 0.98\r\n'
b'0.31 0.14 -0.03 0.76 0.33 -9.16 7.67 25.23 -11.09\r\n'
b'-0.45 -0.25 0.02 9.49 1.85 -0.11 13.94 29.57 1.16\r\n'
b'-0.04 0.16 -0.06 0.82 0.32 -9.27 7.35 24.81 -12.20\r\n'
b'-0.19 0.01 0.02 9.52 1.99 -0.09 15.23 30.09 2.40\r\n'
b'0.18 -0.13 0.07 0.75 0.22 -9.18 8.12 24.69 -12.96\r\n'
b'-0.47 -0.09 -0.12 9.55 1.91 -0.06 13.94 29.20 1.36\r\n'
b'0.54 -0.24 -0.09 0.66 0.25 -9.14 7.55 24.45 -11.89\r\n'
b'-0.24 0.00 -0.08 9.54 1.84 -0.13 13.85 29.13 2.01\r\n'
b'0.38 -0.20 -0.08 0.74 0.32 -9.16 7.94 25.28 -12.17\r\n'
b'-0.38 -0.16 0.05 9.53 1.93 -0.10 13.36 29.31 1.90\r\n'
b'0.36 -0.09 0.09 0.78 0.21 -9.14 8.53 25.29 -11.94\r\n'
b'-0.34 -0.23 -0.02 9.58 1.94 -0.11 13.27 29.78 1.92\r\n'
b'0.29 -0.01 0.18 0.81 0.20 -9.14 7.47 25.13 -10.99\r\n'
b'-0.31 -0.25 -0.05 9.56 1.87 -0.08 14.04 29.57 1.27\r\n'
b'0.15 0.07 0.07 0.79 0.25 -9.21 7.76 25.41 -11.30\r\n'
b'-0.41 -0.13 -0.08 9.58 1.93 -0.10 14.42 29.01 1.15\r\n'
b'0.28 0.00 -0.02 0.70 0.25 -9.08 7.57 26.42 -11.80\r\n'
b'-0.34 -0.16 -0.02 9.53 1.89 -0.19 14.33 29.85 1.18\r\n'
b'0.16 0.13 0.02 0.77 0.32 -9.18 7.96 24.50 -10.57\r\n'
b'-0.20 -0.29 -0.04 9.53 1.99 -0.20 13.64 30.30 0.75\r\n'
b'0.23 0.19 0.03 0.82 0.18 -9.10 7.57 25.22 -11.20\r\n'
b'-0.26 -0.34 -0.09 9.60 1.83 -0.16 12.38 29.31 2.00\r\n'
b'0.17 0.09 -0.05 0.92 0.28 -9.14 8.04 25.28 -12.28\r\n'
b'-0.32 -0.51 0.02 9.48 1.86 -0.12 13.73 29.45 0.61\r\n'
b'0.20 0.11 -0.05 0.90 0.29 -9.05 7.18 25.42 -10.76\r\n'
b'-0.48 -0.44 0.05 9.53 1.90 -0.17 13.07 29.21 1.89\r\n'
b'0.30 0.28 0.07 0.99 0.23 -9.06 7.39 25.64 -9.99\r\n'
b'-0.47 -0.34 0.01 9.50 1.86 -0.16 13.73 28.43 0.89\r\n'
b'0.42 0.34 0.03 1.02 0.24 -9.05 7.38 25.42 -10.87\r\n'
b'-0.44 -0.18 0.02 9.47 1.90 -0.24 13.67 30.54 2.07\r\n'
b'0.21 0.77 0.02 1.01 0.18 -9.04 7.87 25.06 -10.66\r\n'
b'-0.24 -0.02 0.09 9.55 1.90 -0.24 13.54 28.18 1.64\r\n'
b'0.34 1.15 0.09 1.12 0.23 -9.12 8.94 25.51 -11.28\r\n'
b'-0.06 -0.01 0.02 9.55 1.85 -0.17 14.43 29.13 1.80\r\n'
b'0.25 1.08 -0.08 1.26 0.29 -9.25 8.25 24.94 -11.31\r\n'
b'-0.51 -0.12 0.06 9.52 1.94 -0.23 13.64 29.09 0.92\r\n'
b'-0.07 0.83 -0.20 1.28 0.35 -9.23 8.74 25.33 -11.07\r\n'
b'0.13 0.07 -0.02 9.52 1.87 -0.21 14.04 29.31 1.70\r\n'
b'0.35 0.36 -0.11 1.23 0.26 -9.25 9.32 24.86 -11.30\r\n'
b'-0.41 -0.05 -0.09 9.60 1.86 -0.34 13.91 28.31 0.13\r\n'
b'0.14 0.27 -0.28 1.39 0.26 -9.27 8.62 24.26 -12.10\r\n'
b'-0.21 -0.13 0.04 9.56 1.92 -0.36 14.12 28.90 0.81\r\n'
b'0.46 -0.09 -0.15 1.24 0.24 -9.10 9.23 25.41 -11.38\r\n'
b'-0.39 -0.19 -0.05 9.50 1.87 -0.39 13.53 29.62 0.07\r\n'
b'0.28 0.23 -0.22 1.39 0.19 -9.07 7.36 23.99 -11.37\r\n'
b'-0.23 -0.14 -0.02 9.57 1.85 -0.40 14.83 29.14 2.03\r\n'
b'0.23 0.04 -0.07 1.46 0.19 -9.16 8.43 24.81 -12.29\r\n'
b'-0.21 -0.02 -0.04 9.51 1.82 -0.27 13.65 29.11 1.57\r\n'
b'0.38 0.03 0.02 1.37 0.11 -9.08 8.14 24.56 -11.55\r\n'
b'-0.44 -0.07 0.06 9.62 1.79 -0.41 13.75 29.12 1.79\r\n'
b'0.17 -0.04 0.20 1.52 0.12 -9.29 8.16 25.14 -10.98\r\n'
b'-0.30 0.00 0.02 9.56 1.90 -0.26 14.32 29.09 0.93\r\n'
b'-0.09 -0.77 0.46 1.77 0.22 -9.55 8.44 25.12 -11.52\r\n'
b'-0.68 0.35 -0.16 9.52 1.75 -0.17 13.26 29.31 2.01\r\n'
b'0.30 -3.07 0.85 1.40 -0.10 -9.70 8.15 25.39 -11.73\r\n'
b'-1.04 0.41 -0.31 9.49 1.89 -0.22 13.34 29.34 0.16\r\n'
b'0.25 -5.16 1.02 0.78 0.25 -9.77 7.86 26.05 -11.82\r\n'
b'-1.41 0.30 -0.21 9.73 1.80 -0.48 13.85 30.23 1.30\r\n'
b'0.59 -6.50 1.32 0.53 0.15 -9.39 7.56 25.03 -11.32\r\n'
b'-1.49 -0.13 -0.19 9.65 1.93 -0.28 14.43 29.31 1.59\r\n'
b'-0.18 -6.91 2.05 0.19 0.22 -9.30 6.60 25.99 -10.53\r\n'
b'-1.46 0.35 -0.46 9.55 1.96 -0.12 13.17 30.88 1.31\r\n'
b'-0.46 -6.24 1.67 -0.77 0.18 -8.73 7.01 26.30 -9.86\r\n'
b'-1.84 -0.10 -0.48 9.67 1.81 -0.48 12.98 30.54 2.17\r\n'
b'-0.64 -3.85 0.85 -0.85 0.75 -8.37 5.44 25.35 -9.82\r\n'
b'-1.10 -0.52 -0.13 9.57 2.06 -0.16 13.67 30.27 2.38\r\n'
b'0.06 -2.23 0.50 -0.74 0.49 -8.46 5.24 25.62 -10.03\r\n'
b'-0.05 -0.34 -0.10 9.38 1.98 0.14 12.32 30.68 3.69\r\n'
b'-0.57 -0.09 0.01 -0.72 0.57 -8.65 5.63 25.82 -9.90\r\n'
b'-0.18 -0.18 -0.19 9.50 1.88 0.00 12.59 29.97 2.14\r\n'
b'1.19 0.98 -0.09 -0.67 0.30 -8.76 6.03 26.29 -9.88\r\n'
b'0.29 0.04 -0.02 9.50 2.09 0.03 13.66 30.62 1.75\r\n'
b'0.37 1.41 -0.38 -0.56 0.45 -9.12 5.72 25.89 -10.44\r\n'
b'0.38 0.50 0.05 9.38 2.00 -0.04 14.23 29.20 1.37\r\n'
b'0.64 1.03 -0.35 -0.81 0.30 -9.28 6.00 25.58 -11.32\r\n'
b'0.14 0.52 -0.02 9.59 1.96 -0.09 13.85 30.51 1.20\r\n'
b'0.52 0.65 -0.24 -0.86 0.40 -9.24 5.89 24.45 -11.48\r\n'
b'0.12 0.35 0.13 9.62 1.97 -0.14 13.28 29.90 2.58\r\n'
b'0.29 0.52 -0.32 -0.86 0.39 -9.14 5.61 25.12 -10.91\r\n'
b'-0.13 0.02 0.18 9.63 1.90 -0.27 14.15 30.45 2.07\r\n'
b'0.32 0.55 -0.43 -0.66 0.29 -9.35 5.33 24.96 -10.27\r\n'
b'-0.26 -0.02 0.05 9.70 1.93 -0.17 13.48 30.01 3.13\r\n'
b'0.32 0.83 -0.40 -0.60 0.25 -9.23 5.52 25.13 -10.59\r\n'
b'0.22 -0.38 -0.09 9.83 1.97 0.01 13.47 29.54 2.89\r\n'
b'-0.54 0.98 -0.49 -0.29 0.62 -9.18 6.39 25.31 -11.22\r\n'
b'0.12 -0.85 -0.13 9.56 1.99 -0.17 13.58 29.83 3.13\r\n'
b'-0.96 0.87 -0.37 -0.26 0.41 -9.13 6.20 25.50 -10.89\r\n'
b'0.34 -0.84 -0.53 9.50 2.01 -0.30 13.08 29.89 2.47\r\n'
b'-0.12 0.51 -0.34 -0.39 0.35 -8.90 6.52 25.73 -9.78\r\n'
b'0.11 -0.69 -0.62 9.43 1.97 -0.22 13.96 29.99 2.49\r\n'
b'-0.15 0.48 -0.54 -0.24 0.51 -9.01 5.71 25.58 -11.33\r\n'
b'0.02 -0.46 -0.28 9.24 2.12 -0.47 12.79 30.09 2.91\r\n'
b'0.40 0.52 -0.64 -0.35 0.40 -9.07 6.70 25.79 -10.87\r\n'
b'-0.06 -0.34 -0.16 9.36 1.95 -0.46 12.79 30.09 2.80\r\n'
b'0.58 0.74 -0.52 -0.08 0.53 -9.06 6.89 26.35 -10.95\r\n'
b'0.52 0.04 0.34 9.49 2.02 -0.51 13.75 29.95 1.39\r\n'
b'0.29 0.55 -0.27 -0.07 0.46 -9.20 5.43 25.61 -10.35\r\n'
b'-0.05 0.06 0.25 9.42 2.04 -0.39 12.76 29.54 0.60\r\n'
b'0.61 0.28 -0.08 -0.11 0.40 -9.23 6.41 25.08 -9.81\r\n'
b'-0.33 0.27 0.07 9.52 1.97 -0.43 12.66 29.09 1.12\r\n'
b'0.32 0.11 -0.08 -0.11 0.37 -9.23 6.11 25.96 -11.08\r\n'
b'-0.77 0.37 0.02 9.47 2.01 -0.33 13.46 29.96 1.61\r\n'
b'0.57 0.11 0.05 -0.21 0.26 -9.07 6.68 25.03 -11.22\r\n'
b'-0.59 0.35 -0.01 9.58 1.98 -0.32 13.54 29.83 0.62\r\n'
b'0.29 0.12 0.09 -0.07 0.36 -9.24 6.60 25.71 -10.54\r\n'
b'-0.43 0.20 -0.01 9.55 2.03 -0.31 13.18 29.34 2.88\r\n'
b'0.41 0.07 0.02 -0.06 0.33 -9.20 6.40 25.87 -11.08\r\n'
b'-0.33 0.11 0.09 9.55 1.89 -0.25 12.28 29.76 1.47\r\n'
b'0.30 0.12 0.04 -0.01 0.44 -9.20 6.59 26.32 -11.61\r\n'
b'-0.29 -0.09 0.13 9.58 2.01 -0.33 13.28 29.26 2.99\r\n'
b'-0.25 0.36 0.10 0.11 0.51 -9.36 7.57 25.50 -11.30\r\n'
b'-0.48 -0.16 -0.08 9.55 2.03 -0.26 14.52 29.74 0.63\r\n'
b'-0.55 0.02 0.15 0.19 0.45 -9.00 7.19 25.07 -10.24\r\n'
b'-0.23 -0.25 -0.41 9.51 2.05 -0.26 12.86 29.56 1.25\r\n'
b'-0.35 0.16 -0.16 -0.06 0.10 -9.16 7.19 25.89 -10.85\r\n'
b'-0.63 0.16 -1.09 9.37 1.91 -0.29 13.45 30.11 0.74\r\n'
b'0.70 0.05 -0.18 0.16 0.23 -9.02 6.50 26.44 -10.95\r\n'
b'0.05 0.09 -0.15 9.63 1.79 -0.21 14.15 30.08 2.28\r\n'
b'0.67 -0.52 0.04 0.09 0.44 -9.03 7.09 25.43 -10.66\r\n'
b'-0.79 -0.17 0.61 9.29 1.84 -0.16 13.93 29.64 0.40\r\n'
b'1.09 -0.45 0.38 0.29 0.62 -9.06 7.39 26.19 -10.40\r\n'
b'-0.79 -0.53 0.86 9.50 2.35 -0.17 13.24 29.25 0.38\r\n'
b'0.68 -0.20 0.81 0.25 0.46 -9.23 7.27 24.94 -11.11\r\n'
b'-0.80 -0.68 0.85 9.44 2.19 -0.20 14.03 29.56 0.95\r\n'
b'0.01 0.41 1.05 -0.06 0.33 -9.29 6.89 24.88 -10.25\r\n'
b'-0.68 -0.01 0.47 9.64 1.94 -0.45 14.13 29.28 0.94\r\n'
b'0.58 0.43 0.52 0.14 0.38 -9.18 7.86 25.42 -11.08\r\n'
b'-0.74 0.26 0.05 9.82 1.81 -0.35 13.45 28.94 1.89\r\n'
b'0.39 0.11 0.41 0.13 0.50 -9.41 7.67 25.80 -10.85\r\n'
b'-0.57 0.01 0.64 9.30 1.86 -0.38 13.57 29.80 2.47\r\n'
b'0.52 -0.04 0.47 0.20 0.47 -9.22 7.86 25.22 -11.42\r\n'
b'-0.77 0.13 0.23 9.72 2.12 -0.30 14.14 29.59 1.71\r\n'
b'-0.23 0.07 0.06 0.27 0.41 -9.16 7.28 25.05 -10.67\r\n'
b'-0.20 -0.02 -0.13 9.60 1.84 -0.30 12.48 29.03 2.09\r\n'
b'-0.08 -0.04 -0.23 0.16 0.22 -9.14 8.15 25.41 -11.29\r\n'
b'-0.45 0.09 -0.53 9.48 1.79 -0.30 12.67 29.19 1.23\r\n'
b'-0.08 -0.09 -0.48 0.22 0.21 -9.22 8.37 26.75 -10.58\r\n'
b'0.41 0.21 -0.55 9.59 1.64 -0.24 13.34 29.08 0.81\r\n'
b'0.20 -0.04 -0.44 0.16 0.29 -9.18 6.90 26.27 -10.62\r\n'
b'0.06 0.05 -0.30 9.67 1.74 -0.23 13.66 29.96 1.72\r\n'
b'0.03 -0.11 -0.30 0.19 0.41 -9.19 7.87 25.61 -10.96\r\n'
b'0.07 -0.08 -0.09 9.60 1.89 -0.28 14.61 29.82 0.20\r\n'
b'-0.02 -0.19 -0.13 0.16 0.42 -9.12 6.80 26.35 -10.84\r\n'
b'-0.24 -0.19 -0.17 9.56 1.92 -0.30 13.54 29.27 0.82\r\n'
b'0.19 -0.15 -0.13 0.24 0.51 -9.05 7.67 25.59 -11.29\r\n'
b'-0.27 -0.27 -0.20 9.52 1.98 -0.42 13.25 30.21 0.85\r\n'
b'-0.30 0.00 -0.05 0.20 0.45 -9.08 6.78 25.65 -12.07\r\n'
b'-0.14 -0.16 -0.20 9.46 1.93 -0.39 13.66 29.32 2.13\r\n'
b'0.23 -0.01 0.10 0.14 0.35 -9.09 6.99 26.44 -11.16\r\n'
b'-0.11 -0.02 -0.26 9.49 1.95 -0.38 12.37 29.00 1.33\r\n'
b'0.24 0.02 0.09 0.22 0.48 -9.15 7.68 25.62 -10.64\r\n'
b'-0.40 0.02 -0.20 9.56 1.92 -0.41 13.25 29.91 0.40\r\n'
b'0.15 0.09 -0.01 0.33 0.54 -9.18 7.88 25.73 -10.31\r\n'
b'-0.52 -0.04 -0.13 9.50 1.96 -0.30 13.37 29.51 2.35\r\n'
b'0.13 -0.05 0.04 0.28 0.55 -9.16 7.86 26.15 -11.59\r\n'
b'-0.52 -0.01 -0.05 9.49 2.00 -0.26 13.86 29.79 2.15\r\n'
b'0.09 -0.09 0.01 0.29 0.39 -9.12 7.57 25.87 -11.28\r\n'
b'-0.22 0.15 -0.20 9.48 1.98 -0.36 14.25 28.79 2.77\r\n'
b'0.38 0.04 -0.05 0.37 0.48 -9.19 7.65 25.38 -12.06\r\n'
b'-0.39 0.10 -0.22 9.53 2.00 -0.26 13.44 29.36 0.60\r\n'
b'0.23 -0.04 -0.14 0.35 0.42 -9.23 8.55 25.51 -11.28\r\n'
b'-0.24 0.08 -0.08 9.49 1.94 -0.21 14.25 30.18 2.39\r\n'
b'0.38 -0.15 -0.13 0.24 0.49 -9.10 7.30 26.66 -10.38\r\n'
b'-0.38 0.07 -0.01 9.55 2.06 -0.33 12.26 29.15 0.25\r\n'
b'0.06 -0.19 -0.16 0.41 0.46 -9.33 7.48 25.70 -10.86\r\n'
b'-0.18 0.09 -0.10 9.48 1.98 -0.33 12.96 29.10 1.23\r\n'
b'0.13 -1.02 -0.13 0.28 0.37 -9.29 6.41 25.99 -10.43\r\n'
b'-0.38 0.06 -0.12 9.47 2.02 -0.22 13.56 29.32 2.23\r\n'
b'0.29 -1.02 -0.13 0.01 0.52 -9.12 6.99 26.25 -11.06\r\n'
b'-0.24 0.34 -0.04 9.51 2.00 -0.23 13.84 30.30 0.76\r\n'
b'0.39 -0.30 0.03 0.03 0.49 -8.93 6.78 25.86 -11.62\r\n'
b'-0.65 0.10 0.00 9.55 2.02 -0.36 13.07 29.21 1.89\r\n'
b'0.34 0.02 -0.03 0.17 0.51 -8.99 6.40 25.69 -10.98\r\n'
b'-0.38 -0.13 -0.02 9.53 1.99 -0.29 13.84 28.82 1.24\r\n'
b'0.10 0.31 -0.20 0.29 0.49 -9.14 7.09 26.07 -10.96\r\n'
b'-0.31 -0.19 -0.08 9.41 2.01 -0.24 12.28 29.10 1.44\r\n'
b'0.51 0.18 -0.17 0.29 0.29 -9.21 6.80 26.35 -11.06\r\n'
b'-0.21 -0.07 -0.09 9.48 2.01 -0.17 13.63 30.17 -0.23\r\n'
b'0.34 0.16 -0.09 0.27 0.38 -9.24 7.48 26.26 -11.05\r\n'
b'-0.16 0.21 -0.08 9.54 1.99 -0.15 12.87 29.86 1.59\r\n'
b'0.28 0.01 -0.19 0.20 0.45 -9.31 7.68 25.44 -10.32\r\n'
b'-0.15 0.28 -0.02 9.56 1.96 -0.18 14.52 29.83 0.53\r\n'
b'0.36 -0.07 -0.30 0.21 0.44 -9.26 6.59 25.04 -10.79\r\n'
b'-0.44 0.16 0.07 9.62 2.06 -0.22 13.67 29.91 2.80\r\n'
b'0.09 -0.02 -0.41 0.21 0.48 -9.32 7.47 25.69 -11.07\r\n'
b'0.02 0.02 0.06 9.62 1.96 -0.22 13.36 30.04 1.39\r\n'
b'0.29 -0.04 -0.59 0.49 0.44 -9.36 6.50 25.59 -11.09\r\n'
b'0.04 -0.27 0.05 9.65 2.15 -0.22 13.05 29.46 0.93\r\n'
b'0.08 -0.04 -1.01 0.61 0.53 -9.35 6.40 24.94 -10.91\r\n'
b'0.48 -0.44 0.02 9.75 2.02 -0.00 14.53 29.50 1.82\r\n'
b'0.00 -0.17 -1.63 0.53 0.53 -9.32 7.09 25.62 -10.54\r\n'
b'0.73 -0.42 -0.03 9.63 2.00 -0.09 13.53 29.43 0.06\r\n'
b'-0.01 -0.15 -2.34 0.45 0.71 -9.04 5.42 25.11 -11.13\r\n'
b'1.70 -0.23 -0.16 9.81 2.04 -0.06 13.46 29.32 2.23\r\n'
b'-0.18 0.10 -2.72 0.17 0.66 -8.99 6.02 25.90 -10.33\r\n'
b'2.25 -0.41 -0.06 9.42 2.01 -0.20 14.11 29.04 -0.49\r\n'
b'0.03 0.35 -2.96 0.32 0.38 -9.18 5.53 25.90 -10.23\r\n'
b'3.06 -0.20 -0.20 9.38 1.98 -0.49 13.63 29.25 0.16\r\n'
b'-0.08 0.24 -3.02 0.02 0.16 -9.16 4.64 24.20 -10.42\r\n'
b'3.59 -0.58 -0.60 9.49 1.93 -0.51 13.41 28.73 -1.28\r\n'
b'0.27 0.16 -3.07 0.21 0.33 -9.27 5.04 25.06 -10.05\r\n'
b'2.25 -0.55 -0.57 9.41 1.72 -0.70 12.81 28.41 -2.17\r\n'
b'0.43 0.04 -2.44 -0.10 0.22 -9.21 3.96 25.03 -10.51\r\n'
b'2.73 -0.83 -0.04 9.55 1.65 -1.00 13.69 28.43 -1.83\r\n'
b'0.87 -0.04 -1.54 0.03 0.42 -9.11 4.22 24.31 -12.38\r\n'
b'1.70 -0.41 0.02 9.43 1.88 -1.12 13.60 28.15 -1.51\r\n'
b'-0.13 -0.13 -0.79 -0.24 0.68 -9.17 4.24 24.45 -11.07\r\n'
b'1.08 -0.46 0.23 9.29 1.96 -1.26 12.41 28.59 -2.28\r\n'
b'0.25 -0.24 -0.77 -0.09 0.73 -8.96 4.44 24.64 -10.95\r\n'
b'0.41 0.13 -0.16 9.38 2.15 -1.49 13.10 27.39 -1.77\r\n'
b'-0.18 -0.41 -0.45 0.01 0.81 -9.13 3.85 24.65 -10.74\r\n'
b'0.18 0.17 -0.33 9.23 2.05 -1.42 13.98 28.42 -2.15\r\n'
b'0.14 -0.25 -0.17 0.23 0.68 -9.02 3.36 25.10 -11.17\r\n'
b'0.50 0.24 -0.39 9.33 2.13 -1.19 12.48 28.60 -4.45\r\n'
b'0.68 -0.02 -0.05 0.07 0.70 -8.81 4.13 23.98 -11.20\r\n'
b'0.22 0.01 -0.33 9.43 2.06 -1.06 12.49 28.44 -3.81\r\n'
b'0.24 0.43 -0.08 0.05 0.38 -8.82 4.15 25.40 -10.60\r\n'
b'-0.13 0.40 -0.16 9.15 2.07 -1.06 13.27 28.53 -3.90\r\n'
b'1.05 0.32 -0.05 0.31 0.28 -8.96 4.83 24.38 -10.52\r\n'
b'0.22 0.79 -0.18 9.21 1.99 -1.11 13.39 28.50 -2.27\r\n'
b'3.13 -0.31 -0.48 0.40 0.06 -8.95 3.85 24.17 -10.87\r\n'
b'-0.20 0.60 0.09 9.31 1.71 -0.86 13.08 28.28 -3.26\r\n'
b'1.13 0.26 -0.46 0.41 0.09 -9.19 4.44 24.83 -11.05\r\n'
b'-0.18 0.73 0.73 9.29 1.64 -0.64 14.27 28.77 -2.78\r\n'
b'3.17 0.02 -0.20 0.30 -0.23 -9.14 4.24 23.62 -10.78\r\n'
b'-0.41 0.66 1.20 9.53 1.79 -0.70 13.56 29.00 -4.09\r\n'
b'1.73 0.30 -0.17 0.34 -0.26 -9.19 3.83 23.13 -11.24\r\n'
b'-0.55 0.79 1.41 9.58 1.64 -0.62 13.11 28.71 -1.61\r\n'
b'1.09 0.53 0.31 0.56 -0.03 -9.30 4.41 23.10 -12.00\r\n'
b'-0.52 0.70 1.40 9.57 1.77 -0.65 13.89 28.25 -1.62\r\n'
b'0.65 0.48 0.23 0.70 -0.03 -9.36 4.22 23.40 -11.44\r\n'
b'-0.48 0.48 1.02 9.69 1.65 -0.53 13.57 28.09 -3.26\r\n'
b'0.12 0.28 0.11 0.52 -0.12 -9.41 4.41 23.84 -12.40\r\n'
b'-0.71 0.45 0.76 9.69 1.67 -0.36 15.05 28.13 -2.58\r\n'
b'0.60 -0.22 0.02 0.43 -0.22 -9.32 4.91 23.59 -11.75\r\n'
b'-0.27 0.39 0.50 9.85 1.47 -0.51 13.87 27.18 -2.53\r\n'
b'-0.23 -0.15 -0.03 0.53 -0.24 -9.30 4.42 23.22 -11.34\r\n'
b'-0.52 0.18 0.34 9.71 1.49 -0.52 14.85 27.85 -2.38\r\n'
b'0.81 -0.48 -0.32 0.40 -0.46 -9.12 4.72 24.15 -11.62\r\n'
b'0.09 0.13 0.22 9.80 1.35 -0.52 14.05 27.24 -3.61\r\n'
b'0.34 0.08 -0.34 0.37 -0.31 -9.07 4.22 23.58 -11.76\r\n'
b'-0.41 -0.12 0.34 9.69 1.24 -0.51 14.06 26.26 -2.02\r\n'
b'0.34 0.22 0.30 0.64 -0.38 -9.14 4.02 23.38 -11.99\r\n'
b'0.05 -0.13 0.42 9.61 1.15 -0.61 14.28 27.88 -1.41\r\n'
b'0.12 0.17 0.28 0.67 -0.29 -9.25 4.68 22.78 -13.09\r\n'
b'-0.43 -0.17 0.20 9.57 1.34 -0.54 13.97 27.12 -1.77\r\n'
b'0.55 0.27 -0.07 0.65 -0.44 -9.06 4.50 23.00 -12.22\r\n'
b'-0.35 0.10 -0.15 9.64 1.30 -0.45 13.38 26.99 -2.44\r\n'
b'-0.52 0.40 -0.26 0.60 0.01 -9.17 4.51 23.49 -11.76\r\n'
b'-0.38 0.20 -0.06 9.65 1.15 -0.45 13.37 26.71 -2.56\r\n'
b'0.68 0.19 -0.27 0.53 -0.58 -9.20 4.72 23.79 -11.31\r\n'
b'-0.35 0.20 0.15 9.61 1.28 -0.44 16.24 28.28 -1.14\r\n'
b'0.79 -0.03 -0.80 0.59 -0.58 -9.27 3.91 22.61 -12.57\r\n'
b'-0.62 0.07 0.26 9.59 1.30 -0.48 14.37 27.42 -1.32\r\n'
b'0.31 -0.27 -1.48 0.67 -0.39 -9.14 4.12 22.74 -11.69\r\n'
b'-0.71 0.05 0.41 9.72 1.11 -0.38 14.44 26.14 -2.78\r\n'
b'0.64 -0.38 -1.22 0.56 -0.16 -9.01 3.23 23.17 -12.56\r\n'
b'-0.94 -0.11 1.20 9.70 0.84 -0.41 15.13 27.17 -3.16\r\n'
b'0.26 -0.21 -0.79 0.64 0.20 -9.42 3.43 23.19 -12.12\r\n'
b'-1.03 -0.32 1.66 9.65 1.15 -0.52 15.24 26.84 -1.76\r\n'
b'-0.27 0.30 0.26 0.60 -0.25 -9.16 3.45 23.78 -11.33\r\n'
b'-0.85 -0.18 1.24 9.60 1.31 -0.53 14.51 25.98 -4.64\r\n'
b'0.15 -0.03 0.50 0.71 -0.30 -9.23 4.21 22.82 -12.12\r\n'
b'-0.59 -0.06 0.23 9.82 1.25 -0.52 15.65 26.79 -0.89\r\n'
b'0.10 -0.03 0.10 0.60 -0.22 -9.23 4.12 23.86 -11.86\r\n'
b'-0.32 -0.13 -0.20 9.77 1.12 -0.52 15.82 26.92 -2.29\r\n'
b'0.08 -0.08 0.04 0.61 -0.16 -9.21 3.53 23.64 -12.53\r\n'
b'-0.52 -0.04 -0.25 9.74 0.90 -0.54 15.03 27.07 -3.17\r\n'
b'0.20 -0.08 0.06 0.53 -0.26 -9.19 4.70 23.20 -12.10\r\n'
b'-0.59 -0.09 -0.22 9.68 1.04 -0.47 15.42 27.18 -2.94\r\n'
b'0.20 -0.09 0.05 0.58 -0.26 -9.15 3.55 23.14 -10.81\r\n'
b'-0.07 -0.11 -0.23 9.74 1.06 -0.56 15.74 27.60 -1.83\r\n'
b'0.31 -0.05 -0.06 0.69 -0.29 -9.18 4.21 23.65 -12.41\r\n'
b'-0.42 -0.16 -0.33 9.63 0.98 -0.58 15.71 26.51 -3.40\r\n'
b'0.36 -0.22 0.13 0.66 -0.23 -9.16 3.83 23.57 -11.88\r\n'
b'-0.34 -0.30 -0.19 9.60 0.96 -0.55 14.74 26.16 -2.34\r\n'
b'0.31 -0.14 -0.08 0.65 -0.25 -9.10 4.21 22.80 -12.45\r\n'
b'-0.30 -0.20 -0.13 9.68 1.18 -0.45 14.46 26.75 -1.67\r\n'
b'0.41 -0.07 -0.13 0.60 -0.26 -9.16 4.70 22.37 -11.48\r\n'
b'-0.34 -0.05 -0.15 9.65 1.02 -0.57 15.24 26.75 -1.66\r\n'
b'0.35 -0.05 0.04 0.57 -0.26 -9.17 5.09 23.36 -12.73\r\n'
b'-0.13 0.07 -0.02 9.65 1.07 -0.56 13.97 26.93 -1.67\r\n'
b'0.16 -0.03 0.09 0.58 -0.26 -9.26 3.43 23.09 -12.23\r\n'
b'-0.34 0.07 -0.11 9.70 1.15 -0.60 15.24 26.55 -1.99\r\n'
b'0.11 -0.15 0.20 0.64 -0.27 -9.18 4.42 23.04 -11.13\r\n'
b'-0.35 0.05 -0.16 9.67 1.12 -0.61 14.44 27.17 -3.07\r\n'
b'0.00 -0.24 0.10 0.62 -0.30 -9.20 4.21 22.72 -12.23\r\n'
b'-0.43 -0.02 -0.19 9.72 1.08 -0.58 14.56 26.75 -1.67\r\n'
b'0.12 -0.34 0.20 0.62 -0.22 -9.13 3.53 23.56 -12.21\r\n'
b'-0.38 -0.05 -0.18 9.68 1.03 -0.63 14.35 26.16 -2.35\r\n'
b'-0.03 -0.02 0.19 0.68 -0.18 -9.18 4.11 23.08 -12.54\r\n'
b'-0.41 -0.13 -0.09 9.65 1.14 -0.60 15.33 27.00 -2.62\r\n'
b'-0.23 0.20 0.27 0.81 -0.27 -9.25 4.23 23.15 -10.80\r\n'
b'-0.55 -0.18 -0.20 9.69 1.05 -0.65 14.44 26.14 -2.78\r\n'
b'0.02 -0.07 0.10 0.71 -0.15 -9.10 3.82 23.38 -12.10\r\n'
b'-0.57 -0.10 -0.35 9.68 1.15 -0.59 14.84 27.28 -2.51\r\n'
b'0.12 -0.10 -0.23 0.71 -0.11 -9.22 5.09 23.36 -12.73\r\n'
b'-0.49 0.14 -0.38 9.68 1.11 -0.47 14.53 26.50 -3.42\r\n'
b'0.34 -0.05 -0.07 0.67 -0.16 -9.08 4.90 23.95 -12.17\r\n'
b'-0.45 0.01 -0.04 9.62 1.22 -0.66 13.48 27.11 -1.89\r\n'
b'0.59 0.18 0.01 0.41 -0.04 -8.93 4.32 22.93 -11.57\r\n'
b'-0.34 -0.05 0.05 9.64 1.23 -0.58 14.07 25.73 -1.17\r\n'
b'1.78 1.34 -0.27 0.24 0.00 -8.37 4.82 22.77 -10.81\r\n'
b'-0.40 0.00 0.02 9.62 1.20 -0.61 15.02 27.43 -3.70\r\n'
b'3.19 5.91 -0.66 -1.11 -0.39 -6.57 5.19 22.73 -12.00\r\n'
b'0.55 -0.02 0.20 9.65 1.17 -0.80 13.98 27.03 -1.67\r\n'
b'-2.12 18.59 -1.91 0.31 0.27 -6.96 7.73 23.29 -12.70\r\n'
b'0.64 -0.72 0.09 9.97 1.21 -0.27 14.08 26.48 -1.14\r\n'
b'1.71 25.02 -2.53 2.53 -1.31 -5.51 9.37 21.79 -13.06\r\n'
b'-3.93 -6.05 0.37 9.71 1.27 -2.06 13.86 26.90 -2.65\r\n'
b'-6.10 31.02 -4.86 7.73 -0.23 -7.78 13.30 22.69 -12.20\r\n'
b'-1.11 -6.18 1.27 8.45 1.24 -0.53 14.07 26.83 -1.78\r\n'
b'10.98 21.12 -2.45 12.50 0.13 -4.68 17.80 22.92 -12.11\r\n'
b'1.89 -6.22 2.96 8.46 0.41 -2.64 12.87 26.02 -3.25\r\n'
b'5.57 15.07 -3.91 9.01 0.50 -6.49 19.34 21.49 -13.02\r\n'
b'5.53 -2.69 6.24 9.51 2.70 -0.03 12.71 24.86 -6.78\r\n'
b'7.82 14.32 -1.98 8.58 -1.45 -5.34 21.00 21.23 -12.90\r\n'
b'18.52 2.30 3.63 10.34 -1.72 -0.31 14.07 23.47 -6.60\r\n'
b'1.91 12.13 -2.06 9.91 -1.10 -4.29 22.48 21.46 -11.99\r\n'
b'-1.54 2.73 1.67 10.73 2.20 -2.42 14.64 23.05 -7.92\r\n'
b'1.89 9.29 -1.02 9.94 -1.10 -3.37 24.25 20.11 -10.83\r\n'
b'11.25 1.62 2.53 9.60 -2.39 -1.79 13.84 21.36 -7.78\r\n'
b'1.95 4.94 -0.27 9.82 -0.58 -2.39 24.93 20.46 -11.67\r\n'
b'4.05 0.93 0.93 10.13 -0.49 -1.72 14.53 21.28 -7.56\r\n'
b'2.80 1.17 -0.02 9.72 -0.14 -2.40 26.79 20.95 -11.40\r\n'
b'4.36 -0.01 1.28 9.38 -0.91 -1.11 14.91 20.79 -8.23\r\n'
b'0.36 0.29 -0.34 9.66 -0.34 -2.33 25.54 21.07 -10.33\r\n'
b'0.68 0.76 0.21 9.55 -0.81 -1.02 15.59 19.50 -7.51\r\n'
b'0.10 -0.21 -0.69 9.77 -0.30 -2.16 25.73 20.60 -10.35\r\n'
b'1.12 0.84 -0.09 9.59 -0.68 -1.31 15.69 20.79 -8.21\r\n'
b'-0.24 -0.48 -0.60 9.62 -0.49 -2.03 25.82 20.60 -10.56\r\n'
b'-0.24 0.30 -0.48 9.66 -0.96 -1.38 14.61 19.84 -8.27\r\n'
b'-0.20 -0.06 -0.45 9.64 -0.37 -2.04 26.21 21.14 -11.08\r\n'
b'0.23 -0.19 -0.58 9.72 -0.69 -1.48 14.62 20.71 -7.80\r\n'
b'0.28 -0.56 -0.33 9.53 -0.53 -2.03 25.63 20.69 -10.45\r\n'
b'-0.84 -0.17 -0.71 9.61 -0.74 -1.75 14.81 20.33 -7.92\r\n'
b'-0.53 -0.45 -0.35 9.80 -0.15 -2.21 25.53 21.24 -10.87\r\n'
b'-0.62 -0.52 -0.40 9.57 -0.86 -1.55 14.41 20.58 -8.57\r\n'
b'0.84 -0.55 -0.08 9.67 -0.15 -2.12 24.75 21.33 -10.77\r\n'
b'-0.32 -0.38 -0.29 9.57 -1.01 -1.68 14.04 20.26 -7.07\r\n'
b'0.31 -0.38 -0.20 9.71 -0.25 -2.01 25.06 22.20 -10.29\r\n'
b'-1.14 -0.54 -0.39 9.84 -0.61 -1.88 14.70 19.57 -8.06\r\n'
b'-0.66 -0.42 -0.23 9.63 -0.17 -2.01 25.64 20.90 -9.90\r\n'
b'1.11 -0.86 0.17 9.61 -0.96 -1.81 14.52 20.51 -8.03\r\n'
b'0.30 -0.38 0.08 9.81 -0.06 -1.89 25.81 20.75 -11.43\r\n'
b'0.04 -0.78 -0.03 9.61 -0.84 -1.56 13.95 20.55 -6.73\r\n'
b'0.96 -0.47 0.21 9.43 -0.01 -2.01 25.12 20.09 -11.36\r\n'
b'-0.91 -0.69 -0.12 9.61 -0.73 -1.70 14.89 19.09 -8.30\r\n'
b'0.73 -0.57 -0.09 9.46 -0.20 -2.17 24.57 21.28 -9.68\r\n'
b'-0.55 -0.48 0.09 9.72 -0.40 -1.50 14.15 20.39 -5.97\r\n'
b'-0.24 -0.44 -0.18 9.62 0.09 -2.21 25.82 20.96 -10.76\r\n'
b'0.54 -0.68 0.32 9.33 -0.77 -1.73 14.20 19.45 -8.84\r\n'
b'0.69 -0.27 -0.16 9.66 -0.04 -2.13 24.85 20.89 -10.02\r\n'
b'-0.53 -0.36 -0.12 9.40 -0.75 -1.98 14.62 19.98 -7.18\r\n'
b'0.70 -0.27 -0.12 9.55 -0.30 -2.30 24.65 21.15 -10.56\r\n'
b'-1.39 -0.26 -0.30 9.54 -0.56 -2.02 14.78 19.43 -9.26\r\n'
b'1.02 -0.19 -0.10 9.54 -0.18 -2.30 25.91 20.93 -11.74\r\n'
b'0.13 -0.34 -0.02 9.57 -0.67 -1.86 14.00 20.07 -9.58\r\n'
b'0.87 -0.29 0.13 9.80 -0.20 -2.11 25.13 21.39 -11.84\r\n'
b'-0.27 -0.44 -0.12 9.46 -0.81 -2.01 14.11 19.37 -8.30\r\n'
b'1.55 -0.20 0.19 9.60 0.09 -2.19 24.64 20.19 -11.03\r\n'
b'-0.40 -0.31 0.01 9.48 -0.78 -1.98 14.02 20.58 -8.58\r\n'
b'1.34 -0.25 0.10 9.60 -0.03 -1.87 24.74 20.86 -10.89\r\n'
b'0.40 -0.22 0.19 9.68 -0.76 -1.74 14.01 20.45 -9.45\r\n'
b'0.23 0.06 -0.33 9.51 0.17 -2.00 25.43 21.24 -10.87\r\n'
b'-0.30 -0.20 0.02 9.50 -0.50 -2.12 15.40 20.99 -7.77\r\n'
b'0.50 0.27 -0.20 9.72 0.07 -1.98 25.52 20.76 -11.10\r\n'
b'0.38 -0.57 0.08 9.46 -0.67 -1.89 13.50 18.84 -9.96\r\n'
b'1.04 0.36 -0.16 9.56 -0.27 -2.17 25.23 20.39 -10.91\r\n'
b'-2.15 -0.38 -0.55 9.34 -0.96 -2.02 14.12 19.38 -8.08\r\n'
b'0.72 0.06 -0.18 9.51 -0.37 -2.27 26.29 20.74 -11.85\r\n'
b'1.44 -0.11 -0.31 9.71 -0.47 -2.10 14.71 20.05 -7.83\r\n'
b'-0.47 0.13 -0.45 9.57 -0.35 -2.31 25.02 19.99 -11.47\r\n'
b'0.97 0.09 0.12 9.45 -1.13 -2.01 13.50 18.66 -9.75\r\n'
b'0.36 -0.15 0.06 9.91 -0.37 -2.17 25.72 20.59 -10.78\r\n'
b'-0.59 -0.12 -0.27 9.37 -1.04 -2.09 13.69 19.20 -10.27\r\n'
b'0.45 -0.36 0.41 9.72 -0.15 -2.14 24.42 19.87 -12.14\r\n'
b'-1.13 0.19 -0.48 9.48 -0.83 -2.13 13.72 19.36 -8.52\r\n'
b'1.51 -0.38 0.39 9.58 0.06 -2.18 24.83 20.45 -11.78\r\n'
b'-0.21 -0.02 -0.03 9.73 -0.89 -1.92 13.54 19.68 -7.53\r\n'
b'0.61 -0.33 -0.11 9.64 0.11 -2.00 25.51 20.28 -11.45\r\n'
b'-0.38 -0.25 0.31 9.59 -0.73 -2.11 13.43 19.73 -8.62\r\n'
b'-0.09 -0.30 -0.25 9.77 0.11 -1.96 25.12 19.73 -11.04\r\n'
b'1.20 -0.13 0.43 9.39 -1.05 -2.10 13.42 19.52 -9.17\r\n'
b'-0.57 -0.10 -0.31 9.67 -0.27 -2.06 24.74 20.84 -11.33\r\n'
b'-4.24 -0.99 0.03 9.69 -0.67 -1.66 14.38 18.93 -10.16\r\n'
b'-0.45 -0.47 -0.23 9.77 -0.21 -2.25 24.74 20.66 -11.12\r\n'
b'1.41 -0.27 0.27 9.68 -0.80 -1.98 14.30 19.54 -8.94\r\n'
b'-0.39 -0.78 -0.06 9.56 -0.02 -2.24 25.23 19.84 -10.60\r\n'
b'0.76 -0.14 0.23 9.20 -1.10 -1.74 14.69 19.44 -9.05\r\n'
b'-0.42 -1.05 -0.40 9.71 -0.11 -2.38 25.32 21.10 -12.07\r\n'
b'0.88 0.09 0.03 9.53 -0.62 -2.20 14.77 19.41 -9.92\r\n'
b'-0.02 -0.91 -0.47 9.45 -0.02 -2.28 24.25 21.30 -11.54\r\n'
b'-1.91 -0.82 -0.69 9.47 -0.90 -1.83 14.17 18.91 -10.71\r\n'
b'0.21 -0.95 -0.28 9.28 0.05 -2.24 23.36 20.26 -11.49\r\n'
b'-1.09 -0.54 -0.45 9.78 -0.35 -2.30 13.70 18.96 -9.30\r\n'
b'0.95 -0.55 -0.13 9.40 -0.34 -2.23 24.34 20.65 -11.34\r\n'
b'-0.75 -0.61 -0.35 9.34 -0.58 -2.05 13.83 20.60 -7.92\r\n'
b'0.29 -0.22 0.22 9.50 -0.06 -2.31 24.34 20.54 -11.78\r\n'
b'-0.77 -0.50 0.99 9.33 -0.22 -2.15 13.72 20.29 -8.81\r\n'
b'0.41 0.02 0.34 9.52 -0.04 -2.53 24.44 21.37 -12.18\r\n'
b'-0.02 -0.45 -0.34 9.19 -1.58 -2.35 13.50 19.77 -10.03\r\n'
b'0.50 -0.25 0.41 9.42 -0.08 -2.58 24.36 20.68 -10.58\r\n'
b'-1.15 -0.16 -0.75 9.40 -0.47 -2.23 13.51 19.52 -9.28\r\n'
b'-0.41 -0.30 0.17 9.58 0.07 -2.50 24.05 20.54 -11.68\r\n'
b'0.26 0.21 -1.04 9.69 -0.72 -2.46 13.71 19.17 -8.64\r\n'
b'0.14 -0.46 0.13 9.63 -0.08 -2.55 24.15 20.73 -11.67\r\n'
b'1.34 0.44 0.35 9.27 -1.03 -2.23 13.91 20.08 -9.47\r\n'
b'-0.29 -0.61 0.00 9.56 -0.21 -2.45 25.22 21.20 -11.96\r\n'
b'-1.64 0.01 -0.03 9.51 -0.62 -2.24 14.19 20.34 -10.11\r\n'
b'0.61 -0.60 0.07 9.53 -0.14 -2.50 23.56 20.54 -11.69\r\n'
b'-0.84 -0.09 -0.02 9.60 -0.78 -2.35 13.42 20.44 -9.68\r\n'
b'0.34 -0.41 0.02 9.58 -0.09 -2.37 23.86 20.38 -11.04\r\n'
b'-1.66 -0.48 0.00 9.67 -0.35 -2.22 13.42 20.09 -9.04\r\n'
b'-0.53 -0.41 -0.04 9.56 0.06 -2.67 24.94 21.04 -10.99\r\n'
b'-1.65 -0.23 -0.46 9.54 -0.40 -2.41 13.02 20.69 -10.55\r\n'
b'0.59 -0.60 -0.14 9.47 -0.15 -2.55 23.98 21.17 -9.91\r\n'
b'-2.71 -0.62 0.01 9.61 -0.68 -2.25 12.94 20.20 -8.50\r\n'
b'0.97 -0.48 -0.05 9.47 -0.10 -2.44 24.05 20.46 -11.47\r\n'
b'-4.39 -0.72 0.35 9.55 -0.45 -2.54 13.44 20.96 -8.35\r\n'
b'0.09 -0.38 -0.02 9.46 -0.06 -2.35 24.65 20.58 -10.69\r\n'
b'-3.17 -0.42 0.31 9.27 -0.34 -2.43 12.74 21.74 -9.85\r\n'
b'0.50 0.02 0.13 9.41 -0.28 -2.35 24.44 20.46 -11.35\r\n'
b'1.31 -0.56 0.15 9.30 -0.34 -2.43 11.38 21.84 -9.54\r\n'
b'0.92 0.38 0.13 9.43 -0.05 -2.54 24.62 20.15 -12.23\r\n'
b'-1.65 -0.09 -0.02 9.39 -0.62 -2.35 12.93 21.73 -10.28\r\n'
b'0.98 0.59 0.06 9.50 0.01 -2.45 23.95 21.00 -11.88\r\n'
b'0.67 -0.05 0.16 9.36 -0.51 -2.39 13.15 21.53 -8.11\r\n'
b'1.63 1.19 -0.05 9.51 -0.08 -2.38 24.64 21.13 -11.21\r\n'
b'0.36 0.27 0.14 9.37 -0.45 -2.59 12.85 21.50 -8.77\r\n'
b'1.28 1.36 0.01 9.56 -0.27 -1.92 24.54 20.39 -10.92\r\n'
b'0.63 0.22 0.34 9.43 -0.55 -2.41 13.05 21.15 -8.13\r\n'
b'-0.11 1.37 -0.20 9.61 -0.10 -2.33 23.85 20.07 -11.59\r\n'
b'0.67 -0.02 0.27 9.53 -0.56 -2.63 13.33 21.20 -9.43\r\n'
b'1.02 1.17 -0.13 9.62 -0.14 -2.06 24.84 20.84 -11.33\r\n'
b'1.77 0.16 0.33 9.38 -0.63 -2.08 12.93 20.26 -9.26\r\n'
b'0.58 0.78 -0.27 9.65 0.02 -2.12 25.53 20.97 -10.66\r\n'
b'0.10 0.66 0.11 9.33 -0.81 -2.40 13.04 20.65 -9.13\r\n'
b'0.52 0.74 -0.37 9.69 -0.30 -2.28 25.41 19.54 -11.16\r\n'
b'0.98 0.81 -0.10 9.42 -0.58 -2.32 13.32 20.99 -10.09\r\n'
b'0.27 0.46 -0.26 9.66 -0.20 -1.95 25.42 19.83 -10.82\r\n'
b'0.52 0.86 -0.18 9.44 -0.60 -2.23 14.11 20.38 -8.80\r\n'
b'0.61 0.44 -0.23 9.79 -0.21 -2.00 25.32 20.38 -11.23\r\n'
b'1.12 0.79 -0.29 9.52 -0.90 -2.39 14.59 19.98 -9.57\r\n'
b'0.87 0.39 -0.16 9.64 -0.15 -1.82 25.91 19.94 -10.70\r\n'
b'0.54 0.55 -0.27 9.50 -0.67 -2.12 14.04 21.08 -7.68\r\n'
b'0.91 0.34 -0.14 9.59 -0.30 -1.85 25.31 19.61 -11.70\r\n'
b'0.63 0.45 -0.23 9.55 -0.82 -2.46 13.82 19.83 -8.39\r\n'
b'0.01 0.34 -0.24 9.73 -0.18 -1.77 26.40 19.65 -10.92\r\n'
b'0.02 0.63 -0.38 9.49 -0.73 -2.02 14.71 20.04 -8.15\r\n'
b'0.39 0.27 -0.18 9.78 -0.21 -1.76 25.12 19.82 -11.15\r\n'
b'0.61 0.59 -0.27 9.45 -0.71 -2.08 13.90 19.97 -9.69\r\n'
b'0.55 0.27 0.02 9.73 -0.16 -1.70 25.62 19.46 -10.72\r\n'
b'-0.50 0.59 -0.36 9.45 -0.70 -1.98 13.63 20.02 -8.28\r\n'
b'0.83 0.23 0.03 9.72 -0.17 -1.71 25.52 19.93 -10.81\r\n'
b'-0.63 0.45 -0.34 9.61 -0.75 -1.99 13.72 20.55 -9.23\r\n'
b'0.31 0.20 0.06 9.68 0.04 -1.61 24.93 19.92 -11.04\r\n'
b'-0.16 0.44 -0.20 9.61 -0.59 -1.83 14.12 19.93 -8.38\r\n'
b'-0.03 0.16 -0.02 9.75 -0.01 -1.64 25.62 19.75 -10.49\r\n'
b'0.09 0.34 -0.01 9.59 -0.73 -1.98 13.42 19.81 -8.94\r\n'
b'0.38 0.00 -0.03 9.78 -0.05 -1.63 25.72 20.21 -10.80\r\n'
b'-0.62 0.30 -0.08 9.55 -0.53 -1.88 13.62 19.36 -8.52\r\n'
b'0.08 -0.09 -0.02 9.74 -0.16 -1.64 26.41 19.86 -10.26\r\n'
b'-0.15 0.18 -0.02 9.60 -0.74 -1.88 13.93 19.96 -7.62\r\n'
b'0.38 -0.20 0.08 9.78 -0.16 -1.69 25.72 20.21 -10.91\r\n'
b'-0.59 0.13 -0.10 9.61 -0.61 -1.91 13.91 19.08 -8.42\r\n'
b'0.61 -0.06 -0.02 9.72 -0.04 -1.45 26.10 19.27 -10.94\r\n'
b'-0.58 0.16 -0.07 9.61 -0.63 -1.80 14.12 19.94 -8.06\r\n'
b'-0.06 -0.20 -0.01 9.76 -0.09 -1.56 26.19 19.89 -12.00\r\n'
b'0.12 0.12 -0.05 9.62 -0.78 -1.87 13.81 19.63 -8.95\r\n'
b'0.26 -0.13 0.05 9.76 -0.15 -1.50 25.90 20.18 -11.67\r\n'
b'-0.42 -0.01 -0.09 9.62 -0.57 -1.83 14.31 20.48 -8.90\r\n'
b'0.09 -0.16 0.03 9.72 -0.08 -1.58 26.21 20.60 -10.66\r\n'
b'0.01 0.05 -0.03 9.55 -0.83 -1.67 13.34 19.20 -7.56\r\n'
b'-0.01 -0.12 0.02 9.70 -0.09 -1.56 26.10 19.55 -10.93\r\n'
b'-0.18 -0.01 -0.02 9.61 -0.58 -1.90 14.41 19.65 -8.50\r\n'
b'-0.05 -0.09 -0.04 9.78 -0.16 -1.56 26.39 20.08 -11.88\r\n'
b'-0.46 0.06 -0.05 9.60 -0.57 -1.83 13.41 19.88 -9.70\r\n'
b'-0.01 -0.09 -0.02 9.80 -0.18 -1.65 25.61 20.10 -11.24\r\n'
b'-0.16 0.05 -0.06 9.57 -0.65 -1.76 14.33 20.99 -7.79\r\n'
b'-0.13 -0.13 -0.05 9.78 0.03 -1.52 25.90 19.92 -11.24\r\n'
b'-0.08 0.01 -0.03 9.61 -0.76 -1.77 13.14 20.39 -8.49\r\n'
b'-0.08 -0.08 -0.19 9.73 0.02 -1.52 26.29 20.37 -11.65\r\n'
b'-0.20 0.04 -0.09 9.65 -0.76 -1.88 13.93 20.14 -7.62\r\n'
b'0.41 -0.07 -0.02 9.71 -0.06 -1.53 25.90 19.63 -11.25\r\n'
b'-0.52 0.05 -0.13 9.60 -0.65 -1.69 13.73 20.22 -8.05\r\n'
b'0.34 -0.20 0.05 9.74 -0.11 -1.50 25.91 20.20 -11.23\r\n'
b'-0.30 0.02 -0.20 9.58 -0.66 -1.78 13.24 20.41 -8.05\r\n'
b'-0.04 -0.01 0.00 9.83 0.02 -1.61 25.99 19.06 -11.49\r\n'
b'0.23 -0.05 -0.14 9.57 -0.58 -1.76 13.63 20.12 -8.27\r\n'
b'0.18 -0.02 -0.05 9.75 -0.12 -1.64 25.89 19.70 -11.90\r\n'
b'-0.26 -0.01 -0.07 9.51 -0.57 -1.66 14.80 19.94 -8.26\r\n'
b'0.25 -0.11 0.02 9.72 -0.03 -1.62 25.91 19.65 -10.82\r\n'
b'0.03 0.20 -0.13 9.65 -0.76 -1.86 13.54 19.68 -7.42\r\n'
b'0.06 -0.23 0.06 9.78 0.02 -1.59 25.82 19.77 -9.94\r\n'
b'-0.34 0.15 -0.22 9.59 -0.62 -1.73 14.01 19.72 -9.05\r\n'
b'0.03 -0.25 0.14 9.83 -0.02 -1.61 25.52 20.47 -11.44\r\n'
b'-0.41 0.03 -0.08 9.59 -0.53 -1.73 14.32 20.14 -7.94\r\n'
b'0.22 -0.21 0.07 9.72 -0.08 -1.43 25.72 19.84 -10.60\r\n'
b'0.08 0.00 0.04 9.52 -0.70 -1.74 14.82 19.98 -7.06\r\n'
b'-0.05 -0.09 0.02 9.73 -0.07 -1.56 25.40 19.51 -11.92\r\n'
b'-0.18 -0.13 0.07 9.65 -0.61 -1.74 15.19 19.58 -8.06\r\n'
b'0.63 -0.27 0.32 9.71 -0.09 -1.53 25.71 19.82 -11.14\r\n'
b'-0.64 -0.12 0.02 9.62 -0.66 -1.72 14.02 20.02 -8.49\r\n'
b'0.95 -0.28 0.51 9.62 -0.13 -1.56 25.60 19.16 -11.39\r\n'
b'-0.33 -0.04 0.01 9.55 -0.63 -1.80 14.69 19.73 -8.93\r\n'
b'0.74 -0.02 0.41 9.75 -0.15 -1.56 25.42 20.85 -11.21\r\n'
b'-0.34 -0.03 0.04 9.57 -0.38 -1.65 14.01 19.81 -9.04\r\n'
b'0.23 0.09 0.29 9.87 -0.37 -1.60 25.89 19.34 -11.70\r\n'
b'0.01 -0.13 0.38 9.52 -0.53 -1.72 14.19 19.88 -9.91\r\n'
b'0.44 -0.06 0.51 9.66 -0.41 -1.63 26.59 19.18 -10.94\r\n'
b'0.05 0.10 0.41 9.59 -0.62 -1.75 14.20 19.08 -8.64\r\n'
b'-0.20 -0.09 0.27 9.91 -0.21 -1.71 25.81 19.73 -11.25\r\n'
b'0.35 0.18 0.34 9.61 -1.08 -1.75 14.12 18.83 -7.67\r\n'
b'-0.13 -0.30 0.09 9.77 -0.21 -1.62 25.90 19.07 -11.28\r\n'
b'-0.30 0.22 0.16 9.59 -0.74 -1.70 14.30 19.35 -8.95\r\n'
b'0.23 -0.52 0.00 9.86 -0.24 -1.53 25.13 19.47 -10.51\r\n'
b'-0.23 0.27 0.27 9.59 -1.06 -1.82 14.58 19.60 -9.70\r\n'
b'0.18 -0.48 -0.12 9.85 -0.21 -1.56 25.51 18.61 -10.87\r\n'
b'-0.77 0.02 0.15 9.67 -0.86 -1.68 13.63 18.92 -7.67\r\n'
b'0.23 -0.41 -0.09 9.75 -0.18 -1.48 26.01 20.30 -10.90\r\n'
b'-0.99 -0.16 -0.05 9.66 -0.80 -1.67 12.91 19.30 -9.95\r\n'
b'0.46 -0.43 -0.11 9.71 -0.22 -1.52 25.51 19.71 -11.58\r\n'
b'-0.69 -0.31 -0.13 9.67 -0.79 -1.55 14.00 19.23 -9.50\r\n'
b'0.44 -0.37 -0.08 9.71 -0.28 -1.59 25.71 20.46 -11.66\r\n'
b'-0.23 -0.34 -0.12 9.64 -0.85 -1.71 14.40 20.00 -9.14\r\n'
b'0.30 -0.20 -0.10 9.72 -0.20 -1.64 25.90 19.35 -11.27\r\n'
b'-0.27 -0.28 -0.09 9.57 -0.70 -1.67 15.17 18.97 -9.17\r\n'
b'0.41 -0.04 -0.12 9.64 -0.23 -1.57 25.32 20.10 -11.24\r\n'
b'-0.07 -0.28 -0.12 9.53 -0.82 -1.69 14.41 20.30 -8.47\r\n'
b'0.38 0.05 -0.08 9.76 -0.18 -1.62 25.81 19.57 -10.50\r\n'
b'-0.26 -0.06 -0.19 9.54 -0.80 -1.80 14.13 19.88 -7.30\r\n'
b'0.07 0.09 0.01 9.79 -0.14 -1.65 25.62 20.11 -11.02\r\n'
b'-0.29 0.04 -0.18 9.57 -0.81 -1.77 14.40 19.55 -8.61\r\n'
b'0.38 -0.02 -0.05 9.73 -0.23 -1.62 25.70 19.81 -11.58\r\n'
b'-0.17 0.11 -0.13 9.50 -0.85 -1.71 15.20 19.87 -7.61\r\n'
b'0.32 -0.06 -0.05 9.75 -0.14 -1.71 24.93 19.63 -11.16\r\n'
b'-0.17 0.10 -0.11 9.60 -0.80 -1.73 14.80 19.30 -7.75\r\n'
b'0.33 -0.13 -0.08 9.81 -0.22 -1.58 25.31 19.33 -11.60\r\n'
b'-0.39 0.15 -0.09 9.62 -0.73 -1.75 15.10 20.15 -7.81\r\n'
b'-0.04 -0.33 -0.10 9.80 -0.21 -1.67 26.58 19.44 -11.47\r\n'
b'-0.39 0.07 -0.09 9.59 -0.77 -1.72 14.80 19.57 -8.06\r\n'
b'0.32 -0.45 -0.06 9.73 -0.23 -1.64 25.80 19.71 -11.80\r\n'
b'-0.52 -0.08 -0.11 9.60 -0.83 -1.79 13.80 19.05 -9.19\r\n'
b'-0.03 -0.48 -0.02 9.81 -0.17 -1.54 25.61 19.35 -11.27\r\n'
b'-0.33 -0.18 -0.13 9.58 -0.80 -1.66 14.10 19.71 -9.37\r\n'
b'-0.10 -0.29 0.02 10.11 -0.07 -1.61 25.21 20.06 -12.23\r\n'
b'-0.75 -0.19 -0.11 9.63 -0.79 -1.80 14.72 19.62 -6.86\r\n'
b'-0.45 -0.49 -0.13 9.49 0.11 -1.59 25.41 19.26 -11.17\r\n'
b'-0.88 -0.29 -0.14 9.63 -0.83 -1.79 14.81 19.95 -7.94\r\n'
b'0.10 -0.58 -0.08 9.52 0.02 -1.49 25.81 19.93 -10.81\r\n'
b'-0.77 -0.24 -0.02 9.74 -0.77 -1.77 14.23 20.07 -7.18\r\n'
b'-0.04 -0.30 -0.25 9.76 -0.07 -1.48 25.21 19.43 -11.60\r\n'
b'-0.75 -0.50 0.02 9.75 -0.73 -1.64 13.49 19.10 -10.50\r\n'
b'0.57 -0.28 -0.21 9.70 -0.21 -1.75 26.29 19.64 -11.25\r\n'
b'-0.42 -0.57 0.01 9.34 -0.56 -1.79 13.70 19.13 -9.73\r\n'
b'0.57 -0.11 0.10 9.74 -0.23 -1.82 25.98 19.31 -12.35\r\n'
b'-0.91 -0.30 -0.33 9.42 -0.60 -1.84 13.80 19.59 -9.93\r\n'
b'0.34 -1.01 0.57 9.68 -0.12 -1.98 25.71 19.28 -10.51\r\n'
b'0.16 -0.17 -0.19 9.53 -0.71 -1.87 13.34 20.39 -8.38\r\n'
b'2.04 -4.45 1.24 10.07 -0.11 -2.22 25.99 19.23 -12.03\r\n'
b'0.38 0.23 -0.16 9.54 -0.74 -1.98 13.71 20.26 -9.57\r\n'
b'2.77 -8.81 1.79 10.15 -0.53 -3.66 23.82 18.99 -13.06\r\n'
b'0.54 0.18 0.09 9.49 -0.81 -1.88 13.40 19.39 -10.05\r\n'
b'1.62 -13.66 1.98 9.89 -0.55 -4.84 22.72 19.21 -14.48\r\n'
b'-0.41 0.55 0.20 9.45 -0.64 -1.69 14.53 20.28 -6.62\r\n'
b'1.38 -16.42 2.26 9.44 -1.29 -5.71 21.14 17.76 -15.22\r\n'
b'1.20 1.18 0.16 9.52 -0.47 -1.03 13.43 18.90 -8.11\r\n'
b'-0.01 -18.55 2.23 8.97 -1.09 -5.70 18.20 18.29 -15.57\r\n'
b'1.73 1.53 -0.05 9.66 -0.64 -1.63 14.49 18.70 -8.87\r\n'
b'-1.31 -19.63 2.78 7.52 -1.44 -6.59 14.47 17.84 -16.74\r\n'
b'1.09 0.28 -0.22 9.87 -0.96 -2.16 14.39 19.42 -9.71\r\n'
b'-1.59 -19.01 2.92 6.35 -1.11 -7.34 10.76 18.67 -16.54\r\n'
b'0.71 -0.84 -0.34 9.85 -1.45 -2.20 14.21 18.92 -7.88\r\n'
b'-2.50 -16.48 3.47 4.57 -1.38 -7.72 9.12 19.16 -15.46\r\n'
b'-3.95 -1.71 -0.63 9.70 -0.58 -1.65 14.59 19.52 -9.48\r\n'
b'-1.04 -16.28 3.64 3.85 -0.61 -7.95 6.49 19.90 -15.25\r\n'
b'-1.34 -1.12 -0.30 9.77 -0.81 -2.06 13.73 19.95 -7.74\r\n'
b'-2.27 -12.88 3.71 2.25 -0.99 -8.29 4.54 20.28 -14.83\r\n'
b'-2.50 -1.52 0.08 9.47 -0.71 -1.69 13.91 19.71 -9.16\r\n'
b'0.09 -12.45 3.45 2.34 -0.44 -8.58 2.81 20.62 -12.78\r\n'
b'-3.36 -1.56 0.14 9.71 -0.86 -2.66 14.18 19.20 -10.37\r\n'
b'-0.80 -10.11 2.89 0.59 -1.12 -8.78 1.74 20.25 -12.49\r\n'
b'-4.16 -1.11 0.09 9.60 -0.72 -2.19 13.33 20.74 -9.23\r\n'
b'1.30 -10.35 2.70 0.27 -0.46 -8.90 0.77 20.64 -11.94\r\n'
b'-2.98 -1.22 0.61 9.45 -0.29 -2.50 13.80 20.51 -10.43\r\n'
b'0.09 -9.00 2.73 -1.14 -0.80 -8.75 -0.67 21.32 -10.96\r\n'
b'-3.68 -0.77 0.09 9.23 -0.37 -1.96 13.34 20.77 -8.25\r\n'
b'0.73 -9.31 1.50 -1.69 0.13 -8.37 -1.54 21.26 -9.77\r\n'
b'-2.48 0.13 0.37 9.30 -0.38 -2.44 13.81 21.65 -9.95\r\n'
b'-0.36 -6.65 1.73 -2.06 -0.36 -8.51 -1.73 20.98 -9.68\r\n'
b'-1.87 0.73 0.05 9.47 -0.57 -2.47 12.87 21.91 -7.88\r\n'
b'0.96 -5.88 1.38 -2.68 -0.31 -7.88 -2.32 21.44 -9.89\r\n'
b'-2.06 1.05 -0.02 9.64 -0.39 -2.36 13.35 20.97 -7.92\r\n'
b'-2.57 -2.29 0.09 -2.97 -0.06 -8.15 -2.79 21.85 -8.90\r\n'
b'-3.02 0.87 0.13 9.44 -0.33 -2.23 14.26 22.25 -6.54\r\n'
b'0.40 -1.05 0.35 -2.97 -0.72 -8.18 -2.99 21.56 -8.91\r\n'
b'-1.05 0.72 -0.29 9.54 -0.03 -2.04 13.75 22.47 -8.17\r\n'
b'-1.34 0.23 0.42 -2.57 -0.50 -8.63 -2.98 22.14 -8.67\r\n'
b'-1.67 0.85 -0.80 9.56 -0.24 -1.74 14.54 22.04 -7.20\r\n'
b'1.08 -0.45 0.19 -2.88 -0.63 -8.66 -3.47 21.48 -8.49\r\n'
b'0.10 0.35 -0.33 9.53 -0.31 -2.07 13.87 22.54 -6.32\r\n'
b'0.02 -0.32 0.17 -3.01 -0.29 -8.69 -3.56 21.42 -7.62\r\n'
b'-0.51 -0.18 -0.42 9.57 -0.33 -1.93 13.94 23.12 -8.47\r\n'
b'0.93 -0.13 0.30 -3.10 -0.50 -8.49 -2.89 21.58 -8.59\r\n'
b'-0.05 0.01 -0.48 9.38 -0.45 -1.89 13.86 23.43 -7.48\r\n'
b'0.63 -0.09 -0.14 -2.84 -0.31 -8.50 -2.39 21.78 -8.24\r\n'
b'-0.14 0.48 -0.03 9.61 -0.28 -1.93 13.86 23.62 -7.47\r\n'
b'0.27 0.52 -0.03 -2.82 -0.48 -8.64 -2.99 21.66 -8.91\r\n'
b'0.12 0.54 0.24 9.59 -0.34 -1.97 13.87 22.80 -6.96\r\n'
b'0.73 0.08 -0.27 -2.81 -0.52 -8.70 -2.90 22.02 -9.44\r\n'
b'-0.31 0.26 0.20 9.62 -0.23 -1.93 13.67 22.61 -6.97\r\n'
b'0.33 0.30 -0.45 -3.13 -0.56 -8.67 -2.78 21.88 -8.14\r\n'
b'-0.39 0.17 0.17 9.60 -0.10 -1.88 14.36 22.82 -6.52\r\n'
b'0.44 0.30 0.16 -2.92 -0.65 -8.71 -1.60 22.27 -7.88\r\n'
b'0.14 0.05 0.19 9.55 -0.13 -1.81 14.55 22.42 -7.07\r\n'
b'0.08 0.50 0.46 -2.84 -0.72 -8.75 -1.92 21.64 -9.66\r\n'
b'-0.16 0.48 0.28 9.34 -0.30 -1.91 14.26 22.82 -6.52\r\n'
b'0.67 0.03 0.18 -2.69 -0.78 -8.71 -3.10 21.35 -9.69\r\n'
b'0.85 0.90 0.34 9.71 -0.43 -1.94 14.44 22.76 -7.93\r\n'
b'0.13 -0.07 -0.01 -2.51 -0.51 -8.84 -2.61 22.28 -9.97\r\n'
b'0.27 0.45 0.18 9.64 -0.55 -1.90 13.85 22.03 -7.32\r\n'
b'0.44 -0.23 0.05 -2.76 -0.51 -8.71 -2.89 21.94 -9.01\r\n'
b'-0.88 0.13 -0.17 9.67 -0.45 -1.74 14.17 22.56 -5.88\r\n'
b'0.31 -0.18 -0.11 -2.76 -0.56 -8.65 -2.41 22.11 -9.43\r\n'
b'-0.52 -0.01 0.00 9.64 -0.67 -1.59 14.14 23.04 -8.14\r\n'
b'0.06 0.23 -0.44 -2.72 -0.40 -8.60 -2.90 21.90 -9.99\r\n'
b'-0.77 -0.05 0.25 9.61 -0.45 -1.59 14.94 22.52 -6.95\r\n'
b'-0.05 0.16 -0.45 -2.68 -0.53 -8.80 -1.80 22.52 -8.64\r\n'
b'0.03 0.02 0.10 9.70 -0.47 -1.68 14.54 22.59 -7.61\r\n'
b'0.52 -0.15 0.05 -2.72 -0.61 -8.76 -2.80 21.47 -9.02\r\n'
b'-0.46 -0.18 0.03 9.56 -0.34 -1.66 14.75 22.80 -6.95\r\n'
b'-0.06 0.06 0.27 -2.71 -0.49 -8.72 -2.40 21.77 -8.68\r\n'
b'-0.02 -0.09 -0.09 9.67 -0.50 -1.78 15.73 22.18 -6.30\r\n'
b'0.30 -0.23 -0.02 -2.69 -0.57 -8.65 -2.31 21.83 -9.44\r\n'
b'-0.38 -0.13 -0.02 9.54 -0.40 -1.72 14.63 22.39 -7.84\r\n'
b'-0.12 -0.23 0.16 -2.72 -0.48 -8.68 -2.60 21.84 -9.11\r\n'
b'-0.11 -0.05 -0.10 9.67 -0.35 -1.66 14.53 21.75 -7.54\r\n'
b'0.41 -0.05 0.19 -2.69 -0.57 -8.57 -3.30 22.06 -10.75\r\n'
b'-0.36 -0.09 -0.23 9.59 -0.42 -1.78 14.15 22.04 -7.10\r\n'
b'0.16 0.26 -0.05 -2.53 -0.49 -8.71 -2.40 22.32 -8.87\r\n'
b'-0.17 -0.05 -0.08 9.60 -0.56 -1.75 13.95 21.38 -7.13\r\n'
b'0.62 0.11 0.02 -2.55 -0.65 -8.71 -2.30 22.03 -9.10\r\n'
b'-0.57 -0.16 -0.05 9.52 -0.39 -1.78 14.55 21.61 -6.24\r\n'
b'0.36 -0.05 -0.01 -2.60 -0.52 -8.76 -1.73 21.54 -9.87\r\n'
b'-0.55 -0.17 -0.13 9.60 -0.45 -1.74 13.78 22.91 -6.41\r\n'
b'0.41 -0.01 0.09 -2.67 -0.55 -8.73 -2.78 21.42 -7.83\r\n'
b'-0.41 -0.14 -0.01 9.61 -0.51 -1.70 14.33 21.27 -7.78\r\n'
b'0.22 -0.04 0.12 -2.66 -0.60 -8.77 -1.72 21.84 -9.32\r\n'
b'-0.28 0.06 0.08 9.52 -0.41 -1.67 14.93 22.13 -7.41\r\n'
b'0.16 -0.13 0.08 -2.65 -0.55 -8.79 -2.79 21.29 -8.81\r\n'
b'-0.44 0.20 0.00 9.58 -0.48 -1.68 15.23 21.88 -6.54\r\n'
b'-0.20 -0.89 0.20 -2.58 -0.44 -9.06 -1.13 21.76 -9.20\r\n'
b'-0.38 0.20 0.03 9.65 -0.34 -1.75 14.64 22.51 -7.29\r\n'
b'-0.50 -3.55 1.64 -2.67 -0.69 -9.51 -2.89 22.13 -8.89\r\n'
b'0.10 0.17 -0.07 9.60 -0.49 -1.69 14.74 22.61 -7.17\r\n'
b'1.38 -6.88 2.73 -3.15 -0.92 -9.32 -2.00 22.61 -8.85\r\n'
b'-0.77 0.22 -0.11 9.55 -0.35 -1.66 14.75 21.99 -6.22\r\n'
b'-1.50 -7.69 2.86 -3.84 -0.27 -8.48 -2.56 22.66 -7.23\r\n'
b'-0.20 0.18 -0.06 9.58 -0.52 -1.76 14.44 22.40 -7.73\r\n'
b'0.03 -9.63 1.96 -4.55 0.01 -7.94 -3.70 22.65 -4.85\r\n'
b'-0.85 -0.13 -0.18 9.63 -0.30 -1.94 13.27 22.67 -7.85\r\n'
b'0.49 -8.28 2.18 -4.42 -0.38 -7.73 -4.20 22.99 -5.72\r\n'
b'-2.38 -0.75 -1.25 9.75 -0.23 -1.68 14.66 22.09 -6.00\r\n'
b'1.29 -7.55 2.25 -4.74 -0.18 -7.44 -3.99 23.32 -4.40\r\n'
b'-1.98 -1.35 -1.28 9.61 0.06 -2.18 13.46 22.76 -7.73\r\n'
b'1.42 -6.46 0.95 -5.83 -0.38 -6.84 -4.45 23.00 -2.68\r\n'
b'-1.95 -2.16 -1.03 9.67 -0.67 -2.30 13.07 22.94 -7.95\r\n'
b'0.73 -6.84 2.00 -6.25 0.27 -6.16 -4.23 23.06 -1.15\r\n'
b'-2.73 -3.21 -0.55 9.42 -0.24 -2.21 12.20 23.51 -7.72\r\n'
b'5.74 -0.52 2.88 -6.59 -0.15 -6.02 -3.37 23.49 -2.31\r\n'
b'-2.44 -3.43 -0.45 9.28 -0.04 -2.25 11.02 23.48 -8.17\r\n'
b'4.54 -7.70 1.65 -7.87 1.61 -4.47 -3.66 24.12 -2.94\r\n'
b'-1.30 -2.84 -0.23 9.32 0.03 -2.41 10.05 23.04 -7.12\r\n'
b'7.48 -2.20 2.87 -6.48 -0.59 -5.84 -3.38 22.91 -2.77\r\n'
b'-0.70 -1.05 0.11 9.11 0.15 -2.12 10.21 21.57 -8.92\r\n'
b'2.80 -3.38 -0.22 -7.71 0.81 -5.64 -3.09 23.09 -3.08\r\n'
b'0.02 -2.47 -0.13 9.17 -0.17 -3.04 11.19 23.25 -9.38\r\n'
b'1.75 -0.46 0.84 -7.13 -0.41 -5.71 -2.79 22.73 -2.66\r\n'
b'-0.50 -2.64 0.01 9.55 0.06 -3.19 9.43 21.94 -8.81\r\n'
b'0.53 -0.23 0.16 -6.85 -0.46 -5.70 -3.30 22.41 -3.66\r\n'
b'-0.87 -2.70 -0.12 9.20 0.24 -2.91 9.63 21.86 -8.48\r\n'
b'0.01 -0.05 0.23 -6.86 -0.63 -5.81 -2.71 22.97 -3.95\r\n'
b'-2.97 6.92 0.14 3.91 -1.75 -5.47 11.01 23.55 -8.82\r\n'
b'1.12 0.18 0.16 -6.92 -0.67 -5.90 -1.93 22.87 -4.27\r\n'
b'-1.81 0.75 -0.25 9.42 0.13 -2.18 12.10 23.96 -8.14\r\n'
b'0.69 -0.02 0.08 -7.19 -0.65 -5.73 -2.91 21.66 -3.80\r\n'
b'-0.70 -0.05 -0.09 9.29 0.23 -2.61 12.59 24.43 -8.22\r\n'
b'0.63 -0.02 0.49 -7.21 -0.74 -5.84 -2.90 21.97 -3.02\r\n'
b'-1.05 0.34 -0.24 9.33 0.24 -2.40 12.39 24.70 -8.43\r\n'
b'0.90 -0.52 0.46 -6.93 -0.68 -5.86 -1.72 23.09 -3.39\r\n'
b'-0.87 0.41 -0.33 9.30 0.22 -2.41 12.10 24.23 -8.45\r\n'
b'0.69 -0.38 0.32 -7.12 -0.71 -5.81 -2.81 23.07 -3.84\r\n'
b'-0.02 0.19 -0.12 9.40 0.26 -2.59 11.90 24.06 -8.03\r\n'
b'0.14 -0.56 0.10 -7.12 -0.64 -5.83 -2.81 23.16 -3.95\r\n'
b'-0.23 0.30 0.01 9.45 0.31 -2.53 12.41 24.11 -6.71\r\n'
b'0.21 -0.70 0.05 -7.10 -0.67 -5.75 -2.62 22.22 -3.77\r\n'
b'-0.52 -0.10 -0.11 9.32 0.28 -2.49 12.23 25.06 -6.35\r\n'
b'0.52 -0.21 0.11 -7.05 -0.66 -5.69 -1.74 22.12 -4.19\r\n'
b'-0.68 -0.17 -0.06 9.46 0.40 -2.45 11.83 25.04 -6.90\r\n'
b'0.51 -0.22 0.05 -7.02 -0.71 -5.82 -2.63 21.28 -3.92\r\n'
b'-0.50 -0.08 -0.06 9.41 0.38 -2.37 11.52 24.06 -7.71\r\n'
b'0.43 -0.10 0.23 -7.10 -0.67 -5.78 -2.32 21.77 -3.56\r\n'
b'-0.34 0.03 -0.13 9.35 0.34 -2.50 11.13 24.98 -8.22\r\n'
b'0.78 -0.30 0.44 -7.15 -0.68 -5.88 -1.63 24.08 -4.43\r\n'
b'-0.49 0.17 -0.13 9.02 0.14 -3.28 11.61 24.05 -8.03\r\n'
b'0.89 -0.49 0.34 -6.96 -0.75 -5.88 -1.74 21.77 -3.45\r\n'
b'-0.03 0.05 -0.06 9.39 0.31 -2.36 12.12 25.30 -7.54\r\n'
b'0.78 -0.60 0.11 -7.20 -0.68 -5.67 -2.02 22.81 -3.19\r\n'
b'-0.20 0.08 0.00 9.50 0.37 -2.56 11.24 24.56 -6.82\r\n'
b'0.88 -0.63 0.45 -7.15 -0.69 -5.66 -1.92 22.91 -3.07\r\n'
b'-0.52 0.04 -0.05 9.42 0.34 -2.38 12.38 24.22 -8.77\r\n'
b'0.24 -0.34 0.23 -7.23 -0.80 -5.90 -1.61 23.13 -2.41\r\n'
b'-0.84 -0.16 -0.20 9.45 0.32 -2.36 12.41 25.29 -7.64\r\n'
b'0.18 -0.34 0.40 -7.10 -0.69 -5.90 -0.94 22.65 -2.74\r\n'
b'-0.48 -0.22 0.01 9.35 0.33 -2.40 11.14 24.47 -6.93\r\n'
b'-0.06 -0.40 0.41 -7.17 -0.71 -5.77 -1.92 23.18 -3.50\r\n'
b'-0.40 -0.09 0.11 9.49 0.37 -2.54 12.13 25.52 -6.44\r\n'
b'-0.14 -0.66 0.77 -7.14 -0.68 -5.62 -1.92 22.25 -3.21\r\n'
b'-0.46 -0.15 0.09 9.54 0.29 -2.55 11.13 24.98 -8.22\r\n'
b'0.18 -0.88 0.68 -6.99 -0.47 -5.48 -1.13 22.75 -2.41\r\n'
b'-0.70 -0.27 -0.09 9.64 0.41 -2.35 11.64 25.41 -6.78\r\n'
b'0.13 -0.40 0.21 -7.14 -0.50 -5.34 -1.82 22.82 -3.08\r\n'
b'-0.45 -0.42 -0.26 9.50 0.41 -2.37 11.93 24.77 -6.36\r\n'
b'0.52 -0.35 -0.26 -7.21 -0.53 -5.52 -1.32 23.40 -2.72\r\n'
b'-0.10 -0.41 -0.41 9.47 0.41 -2.62 11.83 26.05 -7.29\r\n'
b'0.65 -0.27 -0.29 -7.26 -0.62 -5.47 -0.94 23.29 -3.15\r\n'
b'-0.60 -0.63 -0.39 9.25 0.50 -2.54 10.96 25.32 -6.68\r\n'
b'0.69 -0.26 0.03 -7.37 -0.57 -5.49 -1.44 23.07 -3.93\r\n'
b'-0.63 -0.59 -0.37 9.15 0.50 -2.63 11.26 25.70 -6.44\r\n'
b'-0.17 -0.10 0.02 -7.36 -0.52 -5.62 -2.12 22.52 -3.42\r\n'
b'-0.27 -0.05 -0.10 9.31 0.41 -2.70 12.30 25.36 -8.51\r\n'
b'-0.33 -0.13 0.00 -7.26 -0.51 -5.59 -1.80 22.96 -1.87\r\n'
b'0.12 0.20 0.05 9.23 0.40 -2.61 11.33 25.66 -7.75\r\n'
b'0.14 -0.11 0.05 -7.25 -0.56 -5.56 -1.32 23.02 -2.73\r\n'
b'-0.12 0.20 0.23 9.36 0.40 -2.70 11.44 25.30 -7.22\r\n'
b'0.33 -0.20 -0.02 -7.22 -0.56 -5.54 -1.72 23.65 -3.37\r\n'
b'-0.64 0.18 0.21 9.40 0.40 -2.74 11.92 25.58 -7.53\r\n'
b'0.00 -0.11 0.06 -7.23 -0.47 -5.67 -2.11 23.20 -2.85\r\n'
b'-0.80 0.02 -0.03 9.38 0.46 -2.51 12.02 24.93 -7.33\r\n'
b'0.28 -0.08 0.28 -7.03 -0.32 -5.53 -1.90 22.85 -2.10\r\n'
b'-0.54 -0.02 -0.10 9.36 0.46 -2.59 12.50 25.01 -7.87\r\n'
b'0.63 0.12 -0.12 -7.37 -0.56 -5.50 -1.51 24.24 -2.68\r\n'
b'-0.35 -0.05 -0.09 9.34 0.37 -2.55 11.72 25.17 -8.20\r\n'
b'0.23 -0.19 -0.44 -7.34 -0.72 -5.46 -0.64 23.39 -3.03\r\n'
b'-0.45 -0.01 0.09 9.36 0.43 -2.49 11.66 25.27 -5.48\r\n'
b'0.41 -0.04 -0.46 -7.30 -0.63 -5.62 -0.94 23.19 -3.48\r\n'
b'-0.55 -0.09 0.00 9.46 0.54 -2.51 12.23 25.14 -6.56\r\n'
b'0.40 0.09 0.07 -7.27 -0.68 -5.74 -0.94 23.57 -3.36\r\n'
b'-0.95 -0.05 -0.17 9.17 0.62 -2.52 12.41 24.75 -7.23\r\n'
b'0.21 0.21 0.34 -7.12 -0.64 -5.70 -2.00 22.30 -1.80\r\n'
b'-0.24 0.34 -0.19 9.37 0.42 -2.65 11.64 25.50 -6.99\r\n'
b'0.09 0.05 0.16 -7.16 -0.65 -5.74 -1.80 23.33 -2.08\r\n'
b'-0.13 0.24 0.20 9.32 0.23 -2.65 11.55 24.89 -5.71\r\n'
b'0.13 -0.06 -0.08 -7.13 -0.68 -5.70 -1.24 22.43 -3.63\r\n'
b'0.05 0.21 0.45 9.43 0.35 -2.54 11.94 25.51 -6.66\r\n'
b'0.27 -0.14 -0.15 -7.19 -0.62 -5.66 -1.63 22.63 -3.19\r\n'
b'-0.55 0.23 0.09 9.59 0.45 -2.38 11.23 24.71 -8.01\r\n'
b'0.07 -0.01 0.05 -7.09 -0.56 -5.65 -1.34 22.98 -3.93\r\n'
b'-0.84 0.23 -0.20 9.51 0.39 -2.30 11.81 24.90 -7.99\r\n'
b'0.18 0.09 -0.02 -7.16 -0.58 -5.69 -1.83 22.70 -3.73\r\n'
b'-0.55 0.05 -0.23 9.49 0.34 -2.30 12.52 25.33 -6.77\r\n'
b'0.06 -0.08 -0.17 -7.25 -0.56 -5.59 -1.64 22.13 -3.86\r\n'
b'-0.19 0.02 -0.12 9.49 0.35 -2.34 12.43 25.15 -6.34\r\n'
b'0.22 -0.05 0.06 -7.20 -0.56 -5.69 -1.13 22.65 -2.75\r\n'
b'-0.01 0.03 -0.05 9.41 0.37 -2.34 12.32 25.40 -7.42\r\n'
b'0.18 0.00 0.30 -7.20 -0.52 -5.69 -0.85 22.53 -3.40\r\n'
b'-0.38 0.15 -0.13 9.43 0.45 -2.37 11.67 25.39 -4.82\r\n'
b'-0.18 -0.09 0.09 -7.16 -0.52 -5.72 -1.62 22.92 -2.85\r\n'
b'-0.49 0.18 -0.27 9.38 0.44 -2.43 12.02 25.76 -7.73\r\n'
b'-0.14 -0.13 -0.12 -7.04 -0.48 -5.71 -2.12 22.05 -3.44\r\n'
b'-0.20 0.11 -0.13 9.38 0.41 -2.46 12.43 25.61 -6.65\r\n'
b'-0.39 -0.11 -0.30 -7.07 -0.45 -5.61 -1.61 22.48 -2.00\r\n'
b'-0.23 0.05 -0.08 9.40 0.47 -2.43 12.42 25.78 -7.29\r\n'
b'-1.20 0.26 -0.93 -7.09 -0.28 -5.46 -1.92 22.89 -3.62\r\n'
b'-0.65 0.11 -0.17 9.46 0.49 -2.38 12.92 25.16 -6.33\r\n'
b'-0.83 1.84 -1.96 -7.33 -0.27 -5.20 -2.22 22.34 -3.21\r\n'
b'-0.84 0.01 -0.20 9.40 0.50 -2.40 11.56 24.82 -4.95\r\n'
b'-2.62 4.83 -1.23 -7.26 -0.11 -4.79 -2.40 21.81 -2.37\r\n'
b'-0.39 0.00 -0.10 9.43 0.51 -2.29 11.83 24.84 -7.02\r\n'
b'-6.85 7.16 -1.07 -6.17 -0.42 -5.58 -2.41 21.61 -2.59\r\n'
b'-0.52 0.01 -0.13 9.39 0.54 -2.28 12.82 25.07 -6.23\r\n'
b'-0.55 11.30 -2.05 -5.95 0.64 -6.87 -3.07 23.40 -2.31\r\n'
b'0.09 0.61 -0.09 9.36 0.52 -2.26 12.22 24.76 -6.79\r\n'
b'-0.28 11.89 -2.63 -4.79 -0.63 -7.32 -2.23 22.76 -4.61\r\n'
b'0.27 1.39 -0.05 9.38 0.57 -2.00 13.20 25.50 -7.40\r\n'
b'-1.56 11.47 -2.67 -3.94 0.24 -7.95 -2.15 23.28 -5.78\r\n'
b'0.42 2.56 0.45 9.46 0.44 -1.94 13.31 25.07 -6.33\r\n'
b'0.04 11.30 -3.25 -3.15 -0.71 -8.48 -1.19 22.50 -6.67\r\n'
b'2.48 0.88 0.34 9.49 0.05 -2.07 13.40 25.71 -6.63\r\n'
b'-1.13 10.51 -3.55 -2.44 0.69 -8.84 -0.24 22.36 -8.29\r\n'
b'2.35 0.80 0.42 9.52 0.27 -1.90 13.27 24.35 -8.10\r\n'
b'1.20 10.13 -2.78 -1.77 -0.40 -8.87 -0.06 21.86 -9.18\r\n'
b'1.44 1.01 0.82 9.66 0.62 -1.96 12.52 23.75 -6.18\r\n'
b'0.89 9.87 -2.04 -0.54 -0.73 -9.70 1.11 22.14 -9.48\r\n'
b'1.76 -0.95 0.72 9.65 -0.01 -2.12 13.49 23.75 -6.38\r\n'
b'1.64 7.02 -1.95 -0.51 -0.77 -9.40 1.96 20.97 -10.93\r\n'
b'3.11 0.63 1.04 9.65 0.02 -1.73 12.91 24.77 -6.67\r\n'
b'0.63 5.83 -0.91 0.10 -0.42 -9.71 2.54 21.41 -11.66\r\n'
b'2.64 -0.62 1.12 9.67 -0.33 -2.41 13.28 23.80 -7.58\r\n'
b'1.30 4.40 -0.52 0.30 -1.15 -9.71 4.01 21.33 -11.64\r\n'
b'3.52 0.23 0.91 9.54 0.04 -2.06 13.96 23.52 -7.80\r\n'
b'0.63 1.98 0.02 0.58 -0.67 -9.71 3.32 21.78 -12.07\r\n'
b'2.95 -0.96 0.54 9.54 -0.42 -1.90 14.73 22.04 -7.31\r\n'
b'0.53 0.98 0.11 0.35 -0.88 -9.62 4.58 21.47 -12.93\r\n'
b'2.07 -0.73 0.23 9.51 -0.39 -1.96 13.34 22.34 -9.06\r\n'
b'0.83 -0.25 0.48 0.50 -0.63 -9.38 4.28 21.37 -13.05\r\n'
b'1.98 -0.11 0.16 9.53 -0.78 -2.06 13.90 20.80 -10.31\r\n'
b'-0.08 -0.74 0.19 0.73 -0.67 -9.33 3.21 20.27 -12.24\r\n'
b'2.02 0.05 0.07 9.40 -0.39 -2.01 14.52 21.34 -8.43\r\n'
b'0.38 -1.07 0.15 0.55 -0.65 -9.18 3.89 21.65 -13.04\r\n'
b'1.06 0.30 -0.07 9.68 -1.04 -2.54 13.71 21.46 -10.07\r\n'
b'0.29 -0.91 0.16 0.48 -0.63 -9.05 3.41 21.39 -12.41\r\n'
b'0.30 0.27 0.03 9.47 -0.51 -1.90 13.71 21.28 -9.97\r\n'
b'0.46 -0.48 0.19 0.40 -0.68 -9.09 3.90 21.30 -12.41\r\n'
b'-0.15 0.23 0.02 9.63 -0.67 -2.26 13.90 21.82 -10.59\r\n'
b'0.33 -0.25 0.06 0.52 -0.73 -9.11 3.72 22.34 -12.26\r\n'
b'-0.76 -0.12 -0.07 9.60 -0.53 -2.12 14.01 21.12 -9.31\r\n'
b'0.16 -0.23 0.36 0.45 -0.68 -9.15 3.32 22.06 -12.06\r\n'
b'-1.05 -0.26 -0.01 9.50 -0.67 -1.96 14.41 21.23 -8.76\r\n'
b'0.07 -0.10 0.12 0.34 -0.71 -9.21 3.51 21.11 -12.42\r\n'
b'-0.79 -0.14 -0.01 9.53 -0.47 -2.10 13.53 20.65 -9.02\r\n'
b'0.34 -0.16 0.16 0.36 -0.67 -9.19 3.34 21.83 -10.54\r\n'
b'-0.82 -0.22 -0.02 9.46 -0.59 -1.97 13.63 21.77 -9.18\r\n'
b'-0.04 -0.15 0.16 0.42 -0.65 -9.21 3.24 21.90 -11.30\r\n'
b'-0.73 -0.10 -0.13 9.56 -0.47 -2.08 13.14 21.68 -9.09\r\n'
b'0.16 -0.30 0.10 0.32 -0.71 -9.17 3.32 21.51 -11.75\r\n'
b'-0.02 0.13 0.01 9.46 -0.47 -2.01 13.92 20.67 -8.57\r\n'
b'0.04 -0.27 0.17 0.42 -0.58 -9.24 2.63 20.47 -11.70\r\n'
b'0.20 0.21 -0.05 9.50 -0.56 -1.99 14.98 21.19 -9.95\r\n'
b'0.39 -0.44 0.31 0.32 -0.65 -9.13 3.22 21.77 -12.18\r\n'
b'-0.09 0.16 0.09 9.56 -0.56 -2.12 14.01 21.02 -9.32\r\n'
b'0.07 -0.35 0.10 0.38 -0.58 -9.19 2.93 22.15 -12.06\r\n'
b'-0.06 0.08 -0.07 9.55 -0.51 -2.07 14.03 21.71 -8.42\r\n'
b'0.14 -0.27 0.16 0.30 -0.66 -9.17 3.61 21.49 -12.29\r\n'
b'0.21 0.04 -0.11 9.50 -0.65 -1.98 13.83 20.97 -8.13\r\n'
b'0.27 -0.38 0.09 0.33 -0.58 -9.17 3.71 21.12 -12.20\r\n'
b'-0.51 -0.02 0.01 9.60 -0.53 -2.06 13.93 22.07 -8.73\r\n'
b'0.34 -0.34 -0.02 0.33 -0.61 -9.16 3.51 21.66 -12.72\r\n'
b'-0.18 -0.01 0.02 9.55 -0.53 -2.04 14.44 21.85 -7.21\r\n'
b'0.20 -0.41 0.01 0.32 -0.67 -9.21 3.71 21.50 -12.18\r\n'
b'-0.18 0.09 -0.02 9.55 -0.64 -2.05 13.66 22.49 -7.63\r\n'
b'0.08 -0.25 -0.04 0.30 -0.71 -9.17 3.02 21.85 -12.72\r\n'
b'-0.24 -0.02 0.02 9.51 -0.58 -2.02 13.74 21.91 -8.09\r\n'
b'0.28 -0.23 -0.01 0.27 -0.63 -9.10 2.83 21.66 -12.52\r\n'
b'-0.26 -0.07 0.02 9.51 -0.62 -2.04 14.01 21.85 -9.83\r\n'
b'-0.02 -0.10 0.01 0.29 -0.63 -9.17 3.32 21.23 -11.77\r\n'
b'-0.32 -0.04 0.11 9.60 -0.58 -2.03 13.92 21.12 -9.21\r\n'
b'0.22 -0.18 0.09 0.33 -0.70 -9.22 3.32 21.50 -11.97\r\n'
b'-0.45 -0.13 0.05 9.50 -0.59 -2.03 14.42 21.44 -8.31\r\n'
b'0.38 -0.23 0.05 0.22 -0.67 -9.20 3.22 21.22 -11.99\r\n'
b'-0.30 -0.09 -0.07 9.60 -0.63 -2.01 14.22 21.52 -8.64\r\n'
b'0.20 -0.14 0.08 0.22 -0.67 -9.23 3.62 21.51 -11.75\r\n'
b'-0.41 -0.13 -0.05 9.52 -0.59 -2.00 14.87 20.98 -10.61\r\n'
b'0.24 -0.31 0.09 0.21 -0.68 -9.19 2.44 21.69 -11.87\r\n'
b'0.14 0.04 -0.05 9.49 -0.73 -2.05 13.62 21.75 -9.95\r\n'
b'-0.19 -0.06 0.37 0.33 -0.46 -9.30 3.03 22.05 -12.17\r\n'
b'-0.44 -0.03 -0.08 9.53 -0.63 -1.96 14.42 21.06 -8.44\r\n'
b'-0.44 0.12 0.09 0.33 -0.67 -9.15 3.03 21.96 -12.07\r\n'
b'-0.38 0.04 -0.04 9.59 -0.61 -2.01 14.30 21.00 -9.97\r\n'
b'0.08 -0.30 0.05 0.29 -0.44 -9.09 3.44 22.56 -11.27\r\n'
b'-0.48 0.12 0.01 9.53 -0.63 -2.02 14.68 20.89 -10.40\r\n'
b'-0.31 0.66 -0.29 0.12 -0.45 -8.82 3.32 21.60 -11.86\r\n'
b'-0.10 0.02 -0.10 9.53 -0.68 -2.04 13.73 21.88 -8.85\r\n'
b'3.36 2.33 -0.66 0.17 -0.28 -8.11 3.43 22.34 -12.04\r\n'
b'-0.42 -0.03 -0.07 9.56 -0.64 -2.03 14.22 21.04 -8.77\r\n'
b'1.54 12.03 -3.30 -0.09 -0.34 -6.92 3.79 21.00 -12.86\r\n'
b'-0.84 -0.17 -0.13 9.53 -0.67 -1.92 14.31 21.50 -9.08\r\n'
b'3.52 16.90 -3.54 1.68 0.11 -6.85 6.63 22.13 -13.31\r\n'
b'-0.19 0.19 -0.05 9.52 -0.54 -1.97 14.30 21.11 -9.64\r\n'
b'1.76 27.20 -6.59 1.57 -0.63 -6.71 8.95 20.15 -14.22\r\n'
b'-0.20 0.18 -0.16 9.56 -0.63 -2.02 15.00 21.60 -9.17\r\n'
b'0.56 37.52 -7.20 7.09 -2.27 -7.85 14.24 21.23 -13.98\r\n'
b'0.02 0.37 -0.43 9.78 -1.01 -2.11 14.79 21.02 -9.52\r\n'
b'4.95 36.94 -6.77 13.33 -2.32 -2.79 19.44 21.22 -12.81\r\n'
b'-1.07 0.71 -0.23 10.47 -0.66 -1.63 14.21 21.12 -9.20\r\n'
b'8.23 16.30 -0.77 11.72 0.23 -0.09 22.59 20.19 -10.85\r\n'
b'0.05 -0.74 0.93 9.31 -0.68 -1.49 14.10 21.17 -10.29\r\n'
b'-0.55 9.32 -0.75 10.53 -2.12 -5.89 25.04 20.04 -10.16\r\n'
b'-6.20 -3.40 0.44 10.22 -1.03 -3.19 13.92 21.03 -8.99\r\n'
b'5.72 3.55 0.27 10.16 -1.17 -4.63 24.84 19.67 -10.07\r\n'
b'-13.11 -6.92 1.64 9.60 -1.28 -5.30 12.85 21.95 -9.30\r\n'
b'3.16 -0.48 0.39 10.11 -0.74 -4.31 25.79 18.50 -11.30\r\n'
b'-11.43 -9.60 2.09 7.16 0.29 -2.20 12.10 24.25 -8.02\r\n'
b'0.59 -1.70 0.09 9.98 -0.68 -2.82 25.21 19.24 -11.61\r\n'
b'17.90 -2.90 1.72 9.94 -0.65 1.43 10.70 22.49 -9.53\r\n'
b'0.14 -3.74 0.25 9.56 -1.36 -2.86 24.93 19.27 -10.74\r\n'
b'17.58 7.95 1.26 9.98 -0.25 -0.78 12.41 20.27 -11.66\r\n'
b'1.50 -8.77 1.60 10.04 -0.60 -3.13 25.01 19.33 -11.61\r\n'
b'0.97 4.99 -1.12 9.95 -2.45 -2.68 12.89 17.95 -10.99\r\n'
b'-2.16 -16.30 3.23 10.18 -1.41 -4.62 22.16 19.82 -13.05\r\n'
b'2.03 2.28 -0.54 9.71 -1.32 -2.93 13.79 18.92 -10.28\r\n'
b'-1.15 -22.48 3.91 10.41 -1.96 -5.95 19.70 18.64 -13.90\r\n'
b'0.33 -0.41 0.12 10.05 -1.42 -3.39 12.82 19.03 -9.64\r\n'
b'-2.13 -27.93 4.98 9.23 -2.08 -7.37 15.78 19.15 -14.81\r\n'
b'-1.38 -1.40 0.00 9.19 -1.45 -2.47 12.90 18.89 -11.06\r\n'
b'-1.61 -28.98 5.46 5.31 -0.89 -7.27 10.89 20.12 -15.50\r\n'
b'-1.73 -1.02 0.07 9.07 -1.47 -2.33 12.80 19.35 -11.26\r\n'
b'-1.13 -22.76 5.13 2.35 -0.49 -7.35 8.26 19.93 -14.79\r\n'
b'-0.55 0.67 -0.13 9.04 -1.25 -2.04 12.70 18.25 -10.44\r\n'
b'0.63 -17.57 4.88 2.60 -1.57 -7.54 5.24 20.12 -14.07\r\n'
b'-1.67 0.75 -0.23 9.20 -1.35 -2.61 12.41 19.90 -11.46\r\n'
b'-1.35 -12.09 4.76 0.39 -1.84 -7.96 3.20 20.06 -12.91\r\n'
b'0.80 1.04 -0.55 9.27 -0.88 -2.16 13.29 18.35 -10.31\r\n'
b'-0.08 -10.38 3.23 0.37 -0.27 -7.96 2.16 21.89 -11.32\r\n'
b'0.41 1.44 -1.40 9.42 -1.12 -2.41 13.58 18.98 -11.26\r\n'
b'-2.79 -7.36 3.11 -1.18 -1.32 -8.57 0.20 21.58 -11.80\r\n'
b'-0.88 2.66 -1.24 9.69 -2.01 -3.83 13.63 18.41 -13.90\r\n'
b'1.77 -7.14 2.53 -2.68 -1.14 -8.26 0.53 21.77 -9.18\r\n'
b'-0.66 2.33 -0.84 9.71 -0.82 -2.91 14.30 20.47 -9.12\r\n'
b'-3.71 -3.91 0.86 -1.85 -0.15 -8.71 0.13 22.21 -9.82\r\n'
b'-3.63 2.61 -1.10 9.21 -0.94 -0.67 14.49 19.99 -9.35\r\n'
b'0.98 -3.61 1.17 -2.49 -0.94 -8.46 -0.46 21.82 -10.28\r\n'
b'0.20 2.09 -0.96 9.13 -1.14 -1.48 14.88 20.26 -9.77\r\n'
b'-0.63 -2.09 0.38 -2.21 -0.50 -8.67 -0.45 22.77 -9.91\r\n'
b'-1.45 4.02 -1.11 9.74 -0.59 -1.40 14.43 20.81 -7.58\r\n'
b'0.54 -1.46 0.70 -2.73 -0.92 -8.51 -1.03 22.59 -9.38\r\n'
b'0.28 2.32 -0.91 9.46 -0.55 -1.31 15.19 20.50 -8.45\r\n'
b'-0.45 -0.83 0.22 -2.48 -0.32 -8.68 -0.85 22.38 -10.15\r\n'
b'-1.66 1.68 -1.01 10.09 -0.83 -1.64 14.32 21.06 -8.33\r\n'
b'0.13 -0.48 0.50 -2.65 -0.73 -8.66 -0.73 22.44 -8.51\r\n'
b'-1.57 0.30 -0.54 9.67 -0.71 -1.06 16.65 20.77 -9.07\r\n'
b'0.66 -0.54 -0.10 -2.57 -0.37 -8.62 -0.64 23.16 -9.35\r\n'
b'-1.00 0.13 -0.17 9.88 -0.67 -1.30 15.40 21.62 -8.62\r\n'
b'-0.32 0.22 -0.16 -2.46 -0.53 -8.77 -1.02 22.53 -8.62\r\n'
b'-0.76 -0.07 -0.20 9.68 -0.36 -1.05 15.12 21.30 -7.11\r\n'
b'0.62 -0.13 -0.10 -2.64 -0.82 -8.66 -0.72 23.20 -8.37\r\n'
b'-0.03 0.11 -0.29 9.71 -0.52 -1.21 16.27 21.89 -9.03\r\n'
b'0.11 -0.15 -0.29 -2.61 -0.43 -8.68 -0.54 22.32 -9.17\r\n'
b'-0.53 -0.04 -0.16 9.64 -0.41 -1.08 15.10 21.43 -8.74\r\n'
b'0.34 -0.31 0.08 -2.58 -0.47 -8.81 -1.22 23.25 -9.47\r\n'
b'-0.18 -0.09 -0.09 9.60 -0.65 -1.11 15.14 21.52 -6.23\r\n'
b'-0.23 -0.24 0.05 -2.73 -0.61 -8.70 -1.02 22.89 -9.04\r\n'
b'-0.17 0.04 -0.10 9.72 -0.55 -1.06 15.02 21.38 -7.44\r\n'
b'0.54 -0.47 -0.13 -2.60 -0.61 -8.71 -0.36 22.57 -10.24\r\n'
b'-0.31 -0.07 -0.02 9.66 -0.43 -1.03 15.32 22.23 -7.29\r\n'
b'-0.09 -0.38 -0.01 -2.63 -0.56 -8.74 -1.12 22.88 -9.16\r\n'
b'0.40 0.16 -0.05 9.77 -0.61 -1.06 15.42 21.87 -7.08\r\n'
b'0.31 -0.49 0.29 -2.64 -0.65 -8.73 -1.42 22.50 -9.29\r\n'
b'-0.07 0.09 0.22 9.70 -0.45 -1.15 15.52 21.59 -6.99\r\n'
b'0.14 -0.58 0.09 -2.60 -0.56 -8.73 -1.52 22.31 -9.40\r\n'
b'-0.01 -0.07 -0.05 9.79 -0.39 -1.10 15.30 21.53 -8.51\r\n'
b'0.47 -0.62 0.24 -2.70 -0.67 -8.73 -0.83 22.97 -9.47\r\n'
b'-0.51 -0.23 -0.14 9.72 -0.64 -1.18 14.22 21.33 -8.76\r\n'
b'0.59 -1.02 0.31 -2.81 -0.36 -8.64 -0.35 22.51 -9.38\r\n'
b'-0.10 -0.13 -0.05 9.73 -0.56 -1.09 15.10 21.62 -8.51\r\n'
b'0.03 -0.62 0.16 -2.96 -0.60 -8.59 -1.71 23.44 -9.25\r\n'
b'-0.39 -0.14 -0.09 9.66 -0.57 -1.15 16.00 21.57 -7.52\r\n'
b'0.23 -0.16 0.07 -2.93 -0.57 -8.69 -0.94 22.50 -9.39\r\n'
b'-0.48 -0.17 -0.06 9.70 -0.54 -1.10 14.63 21.65 -7.76\r\n'
b'-0.20 0.37 0.17 -2.69 -0.38 -8.73 -1.21 22.81 -8.62\r\n'
b'-0.56 -0.02 0.02 9.71 -0.56 -1.10 14.51 21.50 -9.18\r\n'
b'0.16 -0.01 0.20 -2.64 -0.51 -8.77 -0.84 21.86 -8.98\r\n'
b'-0.32 -0.02 -0.08 9.67 -0.53 -1.12 14.64 22.14 -7.08\r\n'
b'-0.24 -0.02 -0.14 -2.70 -0.41 -8.50 -0.91 23.47 -8.47\r\n'
b'-0.57 0.07 -0.22 9.81 -0.40 -1.14 14.24 21.38 -7.34\r\n'
b'0.10 0.05 -0.34 -2.71 -0.43 -8.45 -0.32 22.75 -7.84\r\n'
b'-0.88 0.04 -0.13 9.83 -0.77 -1.18 15.70 20.73 -7.45\r\n'
b'0.05 0.18 -0.34 -2.69 -0.41 -8.63 -1.72 22.21 -9.52\r\n'
b'-0.44 -0.22 0.02 9.91 -0.56 -1.06 14.94 22.33 -7.07\r\n'
b'0.41 0.20 -0.20 -2.93 -0.64 -8.75 -0.73 22.45 -8.41\r\n'
b'-0.88 -0.60 0.06 9.82 -0.42 -1.08 15.31 21.64 -7.97\r\n'
b'0.73 -0.08 0.06 -2.99 -0.57 -8.63 -1.23 22.68 -9.49\r\n'
b'-0.36 -0.57 -0.21 9.75 -0.43 -1.06 15.20 21.35 -8.31\r\n'
b'0.24 -0.02 0.38 -2.75 -0.44 -8.71 -1.13 21.86 -8.98\r\n'
b'-0.27 -0.62 -0.20 9.49 -0.55 -1.28 14.72 22.20 -8.06\r\n'
b'0.16 -0.20 0.54 -2.60 -0.41 -8.70 -0.93 22.89 -9.04\r\n'
b'-0.41 -0.40 -0.19 9.52 -0.40 -1.33 15.91 21.23 -6.45\r\n'
b'0.12 -0.02 0.36 -2.71 -0.50 -8.63 -0.63 22.25 -8.63\r\n'
b'0.13 0.22 -0.17 9.58 -0.43 -1.31 15.23 21.61 -6.45\r\n'
b'0.81 1.51 -0.20 -2.68 0.03 -7.78 -0.45 22.32 -9.39\r\n'
b'0.59 0.39 0.05 9.75 -0.65 -1.35 14.68 21.27 -10.49\r\n'
b'3.56 5.66 -1.36 -2.37 0.40 -6.21 -0.64 22.88 -9.37\r\n'
b'-0.26 0.09 -0.01 9.69 -0.56 -1.38 14.71 21.34 -8.42\r\n'
b'2.41 18.34 -13.66 -3.02 -1.15 -4.06 0.10 21.40 -11.48\r\n'
b'-0.95 -0.09 -0.03 9.62 -0.56 -1.34 13.83 20.86 -8.46\r\n'
b'-1.57 33.23 -12.98 1.07 1.06 -5.66 2.33 21.19 -12.65\r\n'
b'-1.02 -0.01 -0.09 9.71 -0.36 -1.15 13.83 20.96 -8.45\r\n'
b'3.33 46.50 -7.44 3.83 -2.22 -7.30 9.03 19.55 -15.12\r\n'
b'-0.59 0.01 -0.09 9.68 -0.54 -1.15 14.80 21.04 -9.09\r\n'
b'4.34 59.93 -8.72 15.58 -4.36 -6.91 17.17 20.13 -13.88\r\n'
b'0.02 0.27 -0.17 9.60 -0.25 -1.15 14.72 21.37 -7.66\r\n'
b'1.24 38.70 -0.18 13.68 2.55 8.06 24.55 19.93 -10.61\r\n'
b'1.59 -0.09 -0.47 10.27 -0.85 -0.54 15.38 21.68 -9.49\r\n'
b'2.41 12.95 0.99 9.49 -4.66 -11.22 25.81 20.10 -11.34\r\n'
b'3.82 -1.34 5.01 9.71 -1.24 -1.49 14.22 21.42 -8.86\r\n'
b'13.31 3.69 0.12 10.86 0.39 -2.83 27.18 19.57 -10.69\r\n'
b'-2.77 -6.52 3.76 10.18 -0.97 -3.34 14.70 19.84 -8.49\r\n'
b'-3.07 -0.53 -0.31 9.85 -0.31 -3.76 27.18 19.02 -10.28\r\n'
b'-17.33 -12.95 1.41 11.04 -2.41 -6.20 13.73 20.30 -8.37\r\n'
b'4.45 -1.19 -0.38 10.42 -1.40 -1.62 26.99 19.11 -10.28\r\n'
b'-24.70 -15.99 -2.17 5.23 4.72 -5.81 12.58 23.96 -8.35\r\n'
b'-0.86 -1.82 -0.20 9.32 -1.42 -2.41 25.73 19.86 -10.05\r\n'
b'9.12 2.57 6.09 5.68 2.07 21.52 11.76 21.65 -9.76\r\n'
b'2.32 -5.02 0.90 9.99 -1.25 -2.04 26.21 19.03 -9.75\r\n'
b'26.47 10.80 -2.20 9.30 -4.27 -5.90 13.78 19.55 -11.02\r\n'
b'3.05 -12.52 2.24 10.17 -1.24 -3.61 25.12 19.35 -11.06\r\n'
b'-11.95 3.41 -3.30 11.46 -0.59 -0.93 14.38 19.95 -10.34\r\n'
b'-1.70 -19.58 3.30 10.33 -1.89 -5.41 22.95 19.00 -12.53\r\n'
b'4.11 1.38 -0.77 10.07 -2.91 -3.99 13.85 18.19 -12.27\r\n'
b'-1.13 -25.05 2.84 9.44 -1.59 -7.03 19.21 18.18 -13.60\r\n'
b'-0.92 -1.87 0.29 10.00 -1.41 -1.77 14.46 18.89 -11.25\r\n'
b'-0.38 -27.24 2.80 7.84 -1.54 -7.19 14.31 18.02 -14.45\r\n'
b'-0.86 -1.01 -0.08 9.07 -1.79 -2.09 13.78 18.73 -10.40\r\n'
b'-0.02 -27.80 2.84 6.89 -1.46 -7.77 10.89 19.38 -14.99\r\n'
b'-1.91 -0.94 0.18 9.23 -1.30 -1.49 13.19 18.81 -10.73\r\n'
b'-2.59 -26.64 6.48 4.01 -2.29 -8.39 5.70 18.60 -14.78\r\n'
b'-1.26 1.09 -0.04 9.24 -0.85 -1.96 12.80 17.50 -10.47\r\n'
b'-3.59 -24.91 10.02 -0.30 -1.88 -7.92 2.52 19.71 -12.06\r\n'
b'0.52 0.74 0.02 9.54 -1.40 -2.46 13.48 18.89 -11.05\r\n'
b'-4.88 -22.10 7.03 -1.12 0.59 -7.20 0.31 20.98 -10.30\r\n'
b'-0.46 -0.32 -0.09 9.89 -1.50 -3.08 14.35 17.68 -10.98\r\n'
b'0.99 -18.20 5.27 -2.48 -0.71 -7.25 -1.62 22.12 -9.30\r\n'
b'-1.65 -1.57 -0.29 9.49 -1.39 -2.70 13.88 18.26 -10.42\r\n'
b'0.48 -13.52 2.98 -2.87 0.44 -6.42 -1.78 21.94 -6.59\r\n'
b'-2.19 -0.83 -0.12 9.19 -1.06 -1.94 14.08 19.65 -11.01\r\n'
b'-0.82 -6.99 2.31 -3.79 -0.54 -6.79 -2.85 21.76 -6.18\r\n'
b'1.22 1.16 -1.91 9.16 -0.01 -2.20 12.91 19.30 -10.06\r\n'
b'1.66 -4.66 1.01 -4.37 0.22 -6.94 -3.63 22.50 -6.38\r\n'
b'-1.87 2.69 -2.83 10.14 -2.50 -3.37 14.46 19.91 -11.53\r\n'
b'0.14 0.58 -0.26 -4.63 -0.46 -7.13 -3.33 22.07 -5.42\r\n'
b'-8.47 1.90 -0.99 9.72 -1.94 -2.46 14.32 21.69 -8.96\r\n'
b'0.36 1.40 -0.15 -4.62 -0.38 -7.75 -3.31 22.74 -4.95\r\n'
b'-9.10 -0.16 0.13 9.57 -0.42 -1.96 15.01 22.10 -8.28\r\n'
b'0.73 2.08 -0.45 -4.75 -0.54 -7.83 -3.23 22.72 -5.61\r\n'
b'-5.98 0.15 -0.59 9.23 0.02 -1.36 13.64 22.81 -9.03\r\n'
b'0.10 1.73 -0.44 -4.14 -0.32 -8.31 -3.33 23.44 -6.34\r\n'
b'-1.60 -0.28 -0.55 9.28 -0.30 -2.04 13.76 22.96 -7.50\r\n'
b'1.02 0.91 0.25 -4.35 -0.76 -8.16 -2.66 22.59 -6.69\r\n'
b'-0.30 0.72 -0.44 9.47 -0.16 -1.55 12.48 22.92 -8.39\r\n'
b'0.99 0.62 0.16 -4.29 -0.45 -8.20 -2.85 22.96 -6.68\r\n'
b'0.84 1.19 -0.18 9.36 -0.19 -1.81 13.45 22.54 -8.61\r\n'
b'0.37 0.26 -0.26 -4.13 -0.55 -8.07 -2.36 22.68 -6.79\r\n'
b'1.65 1.10 -0.39 9.66 -0.50 -1.90 13.85 22.57 -8.06\r\n'
b'0.23 0.09 0.25 -3.86 -0.57 -8.40 -2.84 22.81 -5.70\r\n'
b'1.53 0.66 -0.10 9.68 -0.58 -2.12 14.12 22.24 -9.37\r\n'
b'0.47 -0.14 0.08 -4.08 -0.63 -8.16 -2.56 22.21 -6.81\r\n'
b'1.48 0.70 0.16 9.57 -0.47 -1.68 13.54 22.06 -8.96\r\n'
b'0.02 -0.34 -0.16 -4.07 -0.48 -8.19 -2.55 23.52 -6.98\r\n'
b'0.55 0.65 -0.11 9.61 -0.61 -1.79 13.63 21.88 -8.96\r\n'
b'0.29 -0.39 -0.14 -4.11 -0.65 -8.09 -2.56 21.77 -6.07\r\n'
b'0.46 0.55 -0.03 9.66 -0.66 -1.94 13.56 22.11 -7.65\r\n'
b'0.11 -0.23 -0.13 -4.02 -0.49 -8.18 -3.55 21.64 -6.85\r\n'
b'-0.02 0.21 0.25 9.59 -0.57 -1.68 15.31 22.10 -8.38\r\n'
b'0.29 -0.10 -0.19 -4.17 -0.53 -8.04 -2.75 22.60 -6.26\r\n'
b'0.01 0.06 0.06 9.69 -0.61 -1.60 14.61 22.25 -9.15\r\n'
b'0.27 -0.03 -0.04 -4.02 -0.52 -8.12 -2.65 22.78 -6.57\r\n'
b'-0.55 0.08 -0.05 9.64 -0.54 -1.60 15.13 22.32 -7.40\r\n'
b'0.17 0.15 0.15 -4.11 -0.77 -8.17 -2.35 22.35 -5.50\r\n'
b'0.05 0.11 -0.01 9.63 -0.57 -1.66 14.82 21.91 -8.40\r\n'
b'0.40 0.16 -0.01 -4.03 -0.58 -8.15 -2.67 22.55 -7.56\r\n'
b'-0.30 -0.02 -0.05 9.61 -0.63 -1.65 13.64 21.26 -7.90\r\n'
b'0.20 0.27 0.10 -4.00 -0.52 -8.21 -2.47 22.19 -7.25\r\n'
b'-0.53 -0.13 -0.07 9.60 -0.55 -1.51 14.73 22.11 -7.85\r\n'
b'0.38 0.14 -0.04 -4.03 -0.53 -8.23 -2.46 22.49 -6.91\r\n'
b'-0.15 0.13 -0.02 9.65 -0.67 -1.58 14.15 22.77 -7.61\r\n'
b'0.38 -0.10 -0.03 -4.01 -0.66 -8.24 -2.26 22.32 -6.26\r\n'
b'-0.37 -0.04 -0.04 9.56 -0.58 -1.60 14.24 23.14 -8.03\r\n'
b'0.07 0.02 0.05 -3.93 -0.55 -8.22 -2.85 21.67 -6.19\r\n'
b'-0.37 -0.01 -0.12 9.66 -0.67 -1.59 14.99 21.86 -9.59\r\n'
b'0.35 -0.27 0.05 -4.06 -0.58 -8.17 -2.95 22.94 -7.11\r\n'
b'-0.27 0.09 -0.02 9.60 -0.67 -1.62 14.61 22.24 -9.37\r\n'
b'0.02 -0.14 0.09 -3.95 -0.55 -8.24 -2.27 22.67 -7.01\r\n'
b'-0.59 0.06 -0.02 9.60 -0.51 -1.60 14.81 21.44 -8.20\r\n'
b'0.19 -0.23 -0.04 -4.04 -0.58 -8.14 -2.57 22.00 -7.37\r\n'
b'-0.09 0.17 -0.05 9.63 -0.61 -1.58 13.55 22.09 -8.19\r\n'
b'0.16 -0.13 0.14 -3.95 -0.56 -8.16 -2.47 22.47 -7.45\r\n'
b'-0.24 0.00 -0.05 9.64 -0.61 -1.60 15.08 21.01 -9.74\r\n'
b'0.35 0.06 0.03 -3.96 -0.53 -8.16 -2.45 22.80 -5.92\r\n'
b'-0.34 -0.05 -0.11 9.66 -0.55 -1.54 14.44 22.31 -7.52\r\n'
b'0.08 0.16 -0.09 -3.84 -0.49 -8.28 -2.53 23.30 -5.13\r\n'
b'-0.55 0.00 -0.22 9.61 -0.57 -1.56 14.92 22.76 -8.14\r\n'
b'0.23 -0.30 0.00 -3.92 -0.63 -8.26 -2.56 22.30 -6.92\r\n'
b'-0.08 -0.03 -0.15 9.61 -0.60 -1.61 15.38 21.67 -9.81\r\n'
b'0.29 -0.68 0.07 -3.98 -0.52 -8.26 -2.67 22.83 -7.77\r\n'
b'-0.40 0.01 -0.13 9.60 -0.54 -1.60 13.64 21.70 -8.64\r\n'
b'0.19 -0.54 0.17 -3.99 -0.56 -8.13 -2.75 22.68 -6.58\r\n'
b'-0.44 0.02 -0.12 9.64 -0.59 -1.56 14.70 21.96 -9.59\r\n'
b'0.23 -0.27 0.23 -3.95 -0.55 -7.92 -2.57 22.66 -7.34\r\n'
b'-0.06 0.02 0.05 9.63 -0.56 -1.54 14.61 21.42 -8.86\r\n'
b'1.09 1.05 0.16 -3.56 -0.27 -7.23 -2.44 23.18 -5.90\r\n'
b'-0.24 0.13 -0.04 9.60 -0.56 -1.54 14.04 22.19 -8.18\r\n'
b'1.23 5.21 -0.09 -2.70 -0.64 -6.94 -2.47 22.65 -7.45\r\n'
b'-0.11 0.18 -0.08 9.63 -0.59 -1.53 13.94 21.81 -8.31\r\n'
b'1.73 12.48 -1.99 -3.93 -0.61 -6.07 -0.92 22.44 -8.63\r\n'
b'-0.13 0.18 -0.13 9.63 -0.52 -1.56 14.24 22.01 -7.97\r\n'
b'0.86 18.68 -4.85 -2.96 0.73 -7.36 0.80 22.26 -11.22\r\n'
b'-0.45 0.16 -0.17 9.69 -0.61 -1.58 14.72 22.47 -8.48\r\n'
b'0.65 29.80 -9.37 -2.43 -0.30 -6.93 2.73 21.39 -12.31\r\n'
b'-0.39 0.13 -0.21 9.60 -0.47 -1.38 14.03 22.09 -8.40\r\n'
b'4.58 34.85 -12.73 2.61 0.05 -7.22 7.68 21.24 -14.74\r\n'
b'0.37 0.91 -0.58 9.27 -0.31 -1.32 14.44 22.77 -7.82\r\n'
b'-0.90 48.21 -6.46 10.28 -2.14 -6.58 12.36 19.69 -14.73\r\n'
b'2.79 2.24 -1.08 9.44 0.22 -0.36 15.52 22.05 -7.29\r\n'
b'-2.30 37.97 -4.81 14.85 -2.60 -1.27 20.01 20.53 -13.81\r\n'
b'4.14 3.02 -0.76 9.86 -0.61 -1.10 14.90 22.05 -9.59\r\n'
b'6.20 12.67 0.05 10.01 -0.32 -3.57 23.16 20.44 -11.81\r\n'
b'6.03 0.05 1.55 10.21 -1.51 -0.98 15.77 20.67 -9.09\r\n'
b'-2.13 10.31 -0.88 10.27 -0.66 -6.93 24.44 19.72 -11.17\r\n'
b'-6.45 -5.77 1.83 10.53 -2.17 -3.12 15.78 20.14 -8.24\r\n'
b'4.46 4.04 -0.71 10.36 -0.84 -3.76 25.72 20.04 -10.26\r\n'
b'-16.49 -10.64 2.15 11.05 -1.55 -3.48 13.73 21.88 -8.96\r\n'
b'-1.27 0.81 -0.66 10.53 -1.18 -3.04 26.40 19.75 -10.81\r\n'
b'-11.33 -13.48 1.02 8.78 -1.03 -4.49 12.19 23.85 -8.47\r\n'
b'2.46 0.38 0.25 9.52 -1.70 -2.20 25.53 20.03 -10.48\r\n'
b'-13.67 -7.82 1.30 7.41 -0.38 0.22 10.92 24.03 -8.59\r\n'
b'1.66 0.08 0.44 9.37 -0.94 -2.01 26.59 19.64 -11.24\r\n'
b'11.70 5.03 2.63 7.89 1.21 3.23 11.91 24.26 -7.47\r\n'
b'0.78 0.05 0.23 9.86 -0.50 -2.06 25.34 19.42 -9.20\r\n'
b'23.34 7.58 -0.70 9.50 -2.44 -6.73 13.12 21.71 -10.72\r\n'
b'-0.48 0.20 0.02 9.77 -0.36 -1.69 26.11 19.29 -10.50\r\n'
b'5.77 3.91 -1.37 9.84 -0.63 -3.37 12.53 20.79 -10.11\r\n'
b'0.40 -0.08 -0.06 9.80 -1.10 -1.63 26.30 19.18 -10.83\r\n'
b'5.20 1.77 -1.53 10.07 -2.38 -2.58 13.21 19.22 -9.73\r\n'
b'1.66 -0.10 -0.20 9.73 -0.83 -2.18 26.50 20.39 -11.21\r\n'
b'1.09 0.54 -0.41 9.99 -1.12 -2.56 14.08 20.12 -10.99\r\n'
b'0.80 -0.05 -0.16 9.66 -0.70 -1.80 26.99 18.94 -9.96\r\n'
b'-0.02 0.15 0.12 9.26 -1.25 -2.47 14.07 19.90 -11.76\r\n'
b'-0.10 -0.76 -0.09 9.71 -0.85 -1.76 26.80 20.04 -10.46\r\n'
b'0.45 0.13 0.41 9.35 -1.66 -2.35 13.69 20.03 -10.67\r\n'
b'0.91 -0.12 0.02 9.87 -0.87 -2.37 25.72 19.66 -10.49\r\n'
b'-0.45 0.01 0.05 9.42 -1.39 -2.17 13.30 18.45 -10.20\r\n'
b'0.05 -0.53 -0.05 9.52 -0.73 -1.65 26.20 18.26 -10.44\r\n'
b'0.63 0.13 0.10 9.51 -1.38 -2.10 12.71 19.66 -10.49\r\n'
b'-0.09 -0.15 -0.17 9.70 -0.52 -1.53 26.01 19.48 -10.28\r\n'
b'-0.34 0.20 -0.36 9.50 -1.10 -2.52 13.11 19.02 -9.96\r\n'
b'0.11 -0.37 -0.02 9.57 -0.76 -1.96 26.59 19.55 -11.03\r\n'
b'-0.28 -0.15 -0.26 9.48 -1.22 -2.20 13.49 18.72 -10.62\r\n'
b'0.68 -0.13 -0.05 9.67 -0.72 -1.67 27.09 19.85 -10.68\r\n'
b'0.05 -0.13 -0.22 9.38 -1.39 -2.08 14.47 18.83 -10.27\r\n'
b'-0.33 -0.74 0.10 9.76 -0.67 -2.19 26.40 19.20 -10.29\r\n'
b'-0.05 -0.05 -0.29 9.82 -1.59 -3.57 13.58 19.36 -11.03\r\n'
b'1.54 -3.25 0.62 10.26 -0.74 -2.30 25.61 19.17 -10.95\r\n'
b'-1.73 -0.61 -0.12 9.38 -0.93 -1.96 13.87 19.25 -11.57\r\n'
b'1.30 -11.16 2.55 10.02 -1.58 -4.57 25.51 19.16 -11.28\r\n'
b'-0.98 -0.37 -0.20 9.38 -1.29 -2.34 13.29 18.98 -11.16\r\n'
b'1.50 -16.97 2.99 10.22 -1.55 -5.82 22.24 19.21 -14.27\r\n'
b'0.34 0.09 -0.08 9.35 -1.08 -2.14 13.00 18.53 -10.53\r\n'
b'0.42 -21.80 3.41 9.21 -2.02 -6.26 20.18 18.63 -14.33\r\n'
b'-0.33 -0.11 0.02 9.40 -1.26 -2.30 13.79 19.48 -10.37\r\n'
b'-2.16 -22.60 2.80 8.04 -1.23 -6.74 16.45 18.76 -15.25\r\n'
b'0.28 0.18 -0.11 9.42 -1.30 -2.13 13.87 18.78 -11.48\r\n'
b'-0.72 -20.64 3.07 6.75 -1.60 -6.40 13.32 17.99 -15.12\r\n'
b'0.45 0.12 -0.16 9.44 -1.17 -2.06 13.98 19.56 -10.90\r\n'
b'0.05 -19.28 3.66 6.03 -1.52 -6.92 10.09 18.60 -15.58\r\n'
b'2.51 2.02 -0.25 9.36 -1.17 -1.79 14.34 18.11 -12.05\r\n'
b'-1.92 -17.02 5.30 3.53 -2.35 -7.90 6.88 18.43 -14.55\r\n'
b'0.53 0.98 0.23 9.80 -1.59 -2.98 13.59 19.29 -10.49\r\n'
b'-2.16 -16.70 4.59 1.55 -1.36 -7.92 4.57 20.53 -12.97\r\n'
b'-0.98 -1.04 0.43 9.46 -1.12 -2.57 13.57 18.78 -11.49\r\n'
b'-2.81 -15.27 3.72 1.86 -0.87 -9.09 1.92 19.58 -12.95\r\n'
b'-3.13 -2.10 0.41 9.70 -1.56 -2.85 13.20 18.92 -10.07\r\n'
b'-0.35 -13.30 6.01 -0.92 -1.71 -8.18 1.14 20.02 -13.37\r\n'
b'-5.05 -3.09 0.15 9.66 -1.47 -2.90 12.71 19.36 -10.82\r\n'
b'0.19 -11.00 3.95 -1.60 -0.46 -7.96 -0.36 21.37 -9.53\r\n'
b'-3.38 -2.53 0.11 9.20 -1.08 -2.46 13.20 20.21 -10.89\r\n'
b'-0.64 -7.18 2.87 -2.10 -1.11 -8.33 -0.68 21.50 -11.17\r\n'
b'1.81 0.12 -0.42 9.03 -0.98 -1.76 12.81 21.12 -11.62\r\n'
b'0.59 -5.18 2.60 -2.70 -1.05 -7.91 -1.42 22.04 -9.09\r\n'
b'-3.47 1.04 0.08 9.03 -1.73 -1.74 12.22 20.46 -11.44\r\n'
b'-0.67 -4.22 2.47 -2.40 -0.51 -8.42 -0.84 21.21 -8.90\r\n'
b'-0.98 2.38 -0.02 9.32 -1.90 -2.87 12.34 20.17 -9.27\r\n'
b'-0.09 -2.81 1.73 -3.48 -1.00 -8.21 -2.79 21.58 -8.48\r\n'
b'-2.95 3.33 -0.53 9.42 0.47 -1.87 13.63 21.03 -8.89\r\n'
b'0.01 -1.73 1.03 -3.35 -0.45 -8.37 -2.49 22.51 -8.87\r\n'
b'-0.80 2.38 -1.10 9.52 -2.04 -2.27 13.24 21.68 -9.09\r\n'
b'0.44 -1.18 0.93 -3.60 -0.93 -8.17 -2.10 21.96 -8.56\r\n'
b'-2.76 1.43 -0.69 9.83 -1.00 -2.32 14.02 21.67 -9.51\r\n'
b'-0.56 -0.32 0.49 -3.44 -0.68 -8.46 -1.90 22.71 -8.52\r\n'
b'-2.71 0.88 -0.16 9.39 -0.55 -1.64 13.93 22.16 -8.94\r\n'
b'1.56 -0.97 0.27 -3.43 -0.83 -8.32 -1.79 22.65 -7.65\r\n'
b'-0.92 0.80 -0.56 9.43 -0.68 -1.90 14.44 22.41 -7.40\r\n'
b'-1.02 0.07 0.20 -3.68 -0.72 -8.33 -2.10 22.25 -8.33\r\n'
b'-0.66 1.30 -0.62 9.66 -0.76 -1.61 14.82 22.18 -8.49\r\n'
b'0.23 -0.15 -0.02 -3.46 -0.39 -8.44 -1.62 22.04 -9.09\r\n'
b'-0.30 0.90 -0.15 9.66 -0.78 -1.93 14.72 21.64 -7.87\r\n'
b'0.38 0.07 0.19 -3.63 -0.92 -8.26 -1.82 22.38 -9.84\r\n'
b'-0.77 0.39 -0.16 9.65 -0.62 -1.64 14.13 22.37 -8.50\r\n'
b'0.09 0.32 0.21 -3.26 -0.80 -8.53 -1.92 22.03 -9.31\r\n'
b'-0.30 -0.03 -0.22 9.57 -0.72 -1.70 14.11 22.50 -9.91\r\n'
b'0.38 0.02 -0.07 -3.36 -0.71 -8.43 -2.20 22.24 -8.55\r\n'
b'-1.02 -0.22 -0.13 9.51 -0.63 -1.61 14.43 22.76 -8.15\r\n'
b'0.26 0.02 -0.01 -3.42 -0.67 -8.48 -1.42 21.96 -8.76\r\n'
b'0.01 0.16 -0.09 9.54 -0.61 -1.65 14.13 22.73 -8.81\r\n'
b'0.59 0.00 0.01 -3.49 -0.69 -8.42 -2.70 21.94 -9.11\r\n'
b'-0.14 -0.09 -0.09 9.61 -0.87 -1.86 14.05 22.59 -7.62\r\n'
b'0.28 0.26 -0.16 -3.42 -0.88 -8.44 -2.72 21.32 -10.55\r\n'
b'-0.50 -0.11 -0.01 9.62 -0.59 -1.67 14.04 22.56 -8.38\r\n'
b'0.41 -0.02 -0.05 -3.27 -0.74 -8.57 -1.62 21.49 -8.79\r\n'
b'-0.76 -0.33 -0.11 9.62 -0.77 -1.75 15.23 23.18 -7.14\r\n'
b'-0.03 0.10 -0.10 -3.35 -0.78 -8.47 -1.91 22.33 -8.76\r\n'
b'-0.55 -0.09 -0.09 9.56 -0.64 -1.65 14.54 23.78 -8.43\r\n'
b'0.32 -0.23 -0.10 -3.37 -0.75 -8.43 -2.39 22.07 -8.01\r\n'
b'-0.48 0.19 -0.01 9.57 -0.59 -1.66 14.43 22.84 -8.47\r\n'
b'-0.05 -0.06 0.02 -3.34 -0.74 -8.45 -2.19 21.97 -8.23\r\n'
b'0.35 0.17 -0.10 9.65 -0.70 -1.70 15.21 23.21 -8.66\r\n'
b'0.29 -0.18 0.12 -3.33 -0.85 -8.47 -3.09 21.74 -9.13\r\n'
b'-0.55 -0.02 -0.03 9.61 -0.70 -1.72 15.34 23.00 -6.82\r\n'
b'0.39 -0.26 0.04 -3.35 -0.77 -8.44 -2.60 22.12 -9.21\r\n'
b'-0.14 -0.16 0.02 9.60 -0.67 -1.68 14.24 23.22 -8.35\r\n'
b'0.17 -0.08 -0.15 -3.35 -0.73 -8.39 -1.42 22.51 -8.96\r\n'
b'-0.33 0.02 -0.09 9.56 -0.65 -1.66 15.31 23.32 -8.44\r\n'
b'0.38 -0.13 -0.02 -3.37 -0.78 -8.42 -2.88 21.86 -8.47\r\n'
b'-0.08 0.05 -0.09 9.60 -0.65 -1.70 15.11 22.01 -8.28\r\n'
b'0.15 -0.02 0.16 -3.34 -0.92 -8.51 -1.61 21.98 -8.11\r\n'
b'-0.17 0.05 -0.11 9.58 -0.67 -1.70 14.93 22.50 -7.61\r\n'
b'0.66 -0.23 -0.06 -3.41 -0.86 -8.39 -1.90 21.61 -8.03\r\n'
b'-0.38 -0.03 -0.03 9.61 -0.67 -1.70 14.45 22.70 -7.06\r\n'
b'0.03 0.02 -0.09 -3.32 -0.66 -8.49 -2.09 21.52 -7.71\r\n'
b'-0.48 0.03 -0.01 9.58 -0.60 -1.59 14.84 22.06 -6.87\r\n'
b'0.34 -0.09 -0.04 -3.29 -0.83 -8.48 -2.28 22.28 -7.57\r\n'
b'-0.09 0.16 -0.05 9.62 -0.69 -1.68 15.25 23.02 -6.17\r\n'
b'0.04 -0.14 -0.04 -3.43 -0.87 -8.49 -1.99 21.98 -8.01\r\n'
b'-0.19 0.09 -0.04 9.55 -0.70 -1.70 15.41 22.48 -8.36\r\n'
b'0.34 -0.38 0.10 -3.36 -0.83 -8.49 -1.51 22.81 -8.62\r\n'
b'-0.08 0.02 -0.05 9.58 -0.65 -1.69 14.92 21.55 -7.87\r\n'
b'0.11 -0.35 0.09 -3.33 -0.74 -8.47 -1.92 22.11 -9.53\r\n'
b'-0.87 -0.02 -0.12 9.61 -0.65 -1.56 15.22 21.84 -7.63\r\n'
b'0.07 -0.28 -0.04 -3.32 -0.75 -8.42 -2.01 21.29 -8.91\r\n'
b'-0.10 0.13 0.09 9.64 -0.76 -1.68 15.13 23.26 -7.36\r\n'
b'0.20 -0.28 -0.05 -3.39 -0.83 -8.42 -2.60 21.29 -8.81\r\n'
b'-0.55 -0.05 -0.12 9.65 -0.54 -1.61 14.34 22.58 -7.94\r\n'
b'0.33 -0.23 0.06 -3.39 -0.86 -8.49 -1.52 21.95 -8.87\r\n'
b'-0.29 0.12 -0.05 9.62 -0.68 -1.62 16.02 22.91 -6.92\r\n'
b'0.23 -0.17 -0.05 -3.33 -0.76 -8.41 -1.70 22.90 -8.62\r\n'
b'-0.29 -0.05 -0.01 9.64 -0.64 -1.67 14.81 22.07 -8.93\r\n'
b'0.16 -0.19 -0.08 -3.42 -0.78 -8.47 -1.61 22.07 -8.33\r\n'
b'-0.58 -0.14 -0.09 9.67 -0.66 -1.65 15.40 22.28 -8.59\r\n'
b'0.27 -0.34 0.05 -3.47 -0.80 -8.37 -2.40 21.48 -8.80\r\n'
b'-0.70 -0.16 -0.08 9.60 -0.67 -1.67 15.71 22.50 -7.81\r\n'
b'0.20 -0.29 0.02 -3.35 -0.80 -8.41 -1.05 22.09 -10.38\r\n'
b'-0.14 -0.11 0.00 9.59 -0.65 -1.63 15.79 22.81 -9.43\r\n'
b'0.30 -0.09 -0.02 -3.38 -0.76 -8.42 -1.52 21.49 -8.79\r\n'
b'-0.29 -0.12 -0.05 9.60 -0.67 -1.63 14.93 22.67 -7.93\r\n'
b'0.36 -0.15 0.15 -3.45 -0.85 -8.45 -1.80 21.89 -7.90\r\n'
b'-0.38 -0.10 -0.07 9.67 -0.67 -1.64 14.92 21.92 -7.96\r\n'
b'0.15 0.06 -0.08 -3.35 -0.82 -8.50 -2.09 21.43 -7.60\r\n'
b'-0.07 -0.01 -0.02 9.60 -0.68 -1.64 15.21 22.74 -8.68\r\n'
b'0.51 -0.14 -0.16 -3.38 -0.84 -8.42 -2.39 22.26 -8.11\r\n'
b'-0.14 -0.11 -0.02 9.58 -0.65 -1.63 14.25 22.14 -7.09\r\n'
b'0.07 -0.16 0.10 -3.39 -0.82 -8.50 -2.18 22.91 -8.08\r\n'
b'-0.48 -0.12 -0.04 9.62 -0.65 -1.66 15.32 22.60 -7.38\r\n'
b'0.05 -0.09 0.05 -3.36 -0.83 -8.47 -1.91 22.79 -9.06\r\n'
b'-0.23 0.01 0.10 9.59 -0.70 -1.62 15.70 22.66 -8.46\r\n'
b'0.32 -0.15 -0.05 -3.35 -0.89 -8.43 -2.88 22.43 -8.33\r\n'
b'0.07 0.05 0.02 9.57 -0.59 -1.68 14.45 23.44 -7.47\r\n'
b'0.15 -0.17 0.03 -3.40 -0.82 -8.46 -2.01 21.49 -8.47\r\n'
b'-0.68 -0.01 -0.15 9.64 -0.78 -1.64 14.81 22.26 -9.04\r\n'
b'0.09 -0.16 0.06 -3.45 -0.87 -8.46 -2.47 22.84 -7.55\r\n'
b'-0.09 0.09 -0.06 9.65 -0.60 -1.54 14.25 22.78 -7.61\r\n'
b'0.41 -0.10 0.13 -3.36 -0.77 -8.42 -2.30 21.77 -8.57\r\n'
b'0.06 0.13 -0.04 9.57 -0.65 -1.65 15.71 22.22 -7.61\r\n'
b'0.18 0.13 0.03 -3.31 -0.72 -8.43 -1.80 21.99 -7.90\r\n'
b'-0.32 -0.13 -0.09 9.63 -0.70 -1.57 14.92 21.74 -7.86\r\n'
b'0.20 -0.07 -0.05 -3.44 -0.85 -8.49 -1.51 21.87 -8.55\r\n'
b'-0.08 -0.01 -0.02 9.60 -0.67 -1.56 13.97 22.27 -6.00\r\n'
b'0.35 -0.27 0.05 -3.29 -0.86 -8.46 -1.21 22.72 -8.51\r\n'
b'0.01 0.02 -0.13 9.58 -0.58 -1.57 14.72 22.27 -8.71\r\n'
b'0.23 -0.05 -0.04 -3.33 -0.72 -8.46 -1.51 21.79 -8.12\r\n'
b'-0.02 0.02 -0.09 9.56 -0.73 -1.64 14.63 22.67 -7.93\r\n'
b'0.41 -0.02 -0.16 -3.40 -0.86 -8.46 -1.42 21.87 -8.66\r\n'
b'-0.41 -0.02 0.01 9.66 -0.71 -1.61 14.73 22.41 -7.51\r\n'
b'0.33 0.01 -0.27 -3.29 -0.78 -8.45 -2.30 22.51 -8.86\r\n'
b'-0.55 0.05 0.00 9.68 -0.69 -1.57 15.11 22.00 -8.39\r\n'
b'0.11 0.17 -0.06 -3.26 -0.90 -8.52 -2.10 21.60 -8.03\r\n'
b'-0.23 0.05 -0.01 9.58 -0.67 -1.61 14.82 22.38 -8.27\r\n'
b'0.23 -0.02 -0.02 -3.39 -0.89 -8.37 -2.58 22.34 -8.33\r\n'
b'-0.55 0.00 0.03 9.62 -0.73 -1.63 14.62 21.53 -8.31\r\n'
b'-0.01 0.32 -0.04 -3.38 -0.95 -8.55 -1.81 22.22 -9.09\r\n'
b'-0.48 -0.05 -0.02 9.64 -0.66 -1.56 15.30 22.09 -8.49\r\n'
b'0.21 0.80 -0.12 -3.18 -0.86 -8.51 -1.31 22.46 -7.98\r\n'
b'-0.36 0.05 -0.04 9.60 -0.62 -1.56 15.41 22.77 -8.13\r\n'
b'0.11 0.62 0.13 -3.13 -0.73 -8.52 -2.38 22.92 -7.98\r\n'
b'-0.34 0.04 -0.12 9.70 -0.76 -1.59 13.92 21.78 -9.07\r\n'
b'-0.27 0.61 -0.16 -2.96 -0.54 -8.62 -2.10 21.78 -8.46\r\n'
b'-0.54 0.01 -0.11 9.61 -0.57 -1.53 14.74 22.41 -7.40\r\n'
b'0.06 0.31 -0.51 -2.71 -0.90 -8.58 -1.02 21.88 -8.33\r\n'
b'0.14 0.15 -0.09 9.63 -0.78 -1.52 14.41 22.42 -9.80\r\n'
b'0.24 -0.06 -0.45 -2.95 -1.02 -8.53 -2.50 21.67 -8.79\r\n'
b'-0.20 0.12 -0.06 9.56 -0.76 -1.61 14.64 22.40 -7.62\r\n'
b'0.25 -0.02 -0.15 -3.23 -0.77 -8.45 -1.21 22.07 -8.21\r\n'
b'-0.45 -0.06 -0.10 9.94 -0.79 -1.47 15.00 21.43 -8.63\r\n'
b'0.47 0.17 0.02 -3.28 -0.66 -8.51 -2.48 22.25 -8.22\r\n'
b'0.12 -0.28 0.09 9.72 -0.63 -1.46 14.72 21.55 -7.87\r\n'
b'0.51 0.14 0.06 -3.17 -0.81 -8.65 -2.60 22.40 -9.20\r\n'
b'-0.29 -0.61 -0.08 9.65 -0.61 -1.54 15.30 22.18 -8.70\r\n'
b'0.30 -0.05 0.42 -3.00 -0.77 -8.65 -1.32 22.05 -8.87\r\n'
b'-0.63 -0.91 -0.09 9.60 -0.73 -1.56 15.40 21.54 -8.29\r\n'
b'0.20 -0.15 0.54 -3.00 -0.80 -8.62 -2.12 22.01 -9.75\r\n'
b'-0.14 -0.61 -0.31 9.45 -0.58 -1.57 14.33 22.27 -8.61\r\n'
b'-0.16 -0.05 0.31 -2.86 -0.83 -8.63 -1.43 21.94 -9.20\r\n'
b'0.70 0.20 -0.24 9.47 -0.70 -1.72 15.41 21.57 -7.53\r\n'
b'0.20 -0.18 0.04 -2.90 -0.90 -8.60 -1.80 22.43 -8.64\r\n'
b'0.70 0.55 0.03 9.52 -0.67 -1.90 14.70 21.86 -9.71\r\n'
b'0.30 -0.32 0.11 -3.00 -0.90 -8.54 -0.72 22.45 -8.19\r\n'
b'0.21 0.47 0.09 9.57 -0.62 -1.90 15.51 22.11 -8.05\r\n'
b'0.34 -0.23 0.28 -3.05 -0.80 -8.60 -1.50 21.73 -7.14\r\n'
b'-0.05 0.23 0.15 9.72 -0.89 -1.76 14.71 22.07 -9.05\r\n'
b'0.34 0.00 0.16 -2.99 -0.68 -8.55 -1.80 21.88 -8.12\r\n'
b'-0.86 -0.04 -0.08 9.63 -0.62 -1.60 15.01 22.27 -8.81\r\n'
b'0.32 0.16 0.09 -2.95 -0.67 -8.62 -2.00 22.15 -8.55\r\n'
b'-1.08 -0.01 -0.31 9.70 -0.78 -1.62 14.93 22.04 -7.30\r\n'
b'0.09 0.16 0.15 -3.02 -0.80 -8.65 -1.52 21.48 -9.00\r\n'
b'-0.73 -0.12 -0.30 9.60 -0.66 -1.50 15.62 22.07 -6.75\r\n'
b'0.25 -0.11 0.20 -2.98 -0.74 -8.68 -1.40 22.65 -7.86\r\n'
b'-0.44 0.01 -0.09 9.57 -0.67 -1.53 14.82 21.92 -8.07\r\n'
b'0.25 -0.22 -0.04 -2.92 -0.70 -8.63 -1.91 22.32 -8.97\r\n'
b'-0.33 0.09 -0.04 9.58 -0.68 -1.59 15.02 22.01 -8.17\r\n'
b'0.01 -0.15 0.00 -2.99 -0.61 -8.56 -1.62 22.22 -9.19\r\n'
b'-0.65 -0.02 -0.04 9.71 -0.70 -1.60 14.71 21.89 -8.94\r\n'
b'0.15 -0.26 -0.13 -2.96 -0.73 -8.58 -1.81 21.50 -8.35\r\n'
b'-0.53 0.08 0.08 9.62 -0.50 -1.60 15.81 22.05 -7.18\r\n'
b'0.00 -0.22 -0.20 -2.90 -0.85 -8.68 -1.81 21.97 -8.44\r\n'
b'0.09 0.20 -0.06 9.61 -0.60 -1.62 15.23 22.43 -6.95\r\n'
b'0.25 -0.31 0.16 -2.90 -0.84 -8.60 -1.63 22.38 -9.95\r\n'
b'-0.08 0.11 -0.10 9.65 -0.67 -1.62 14.85 22.26 -6.53\r\n'
b'0.17 -0.14 0.10 -2.90 -0.67 -8.61 -1.53 22.66 -9.93\r\n'
b'-0.52 0.02 -0.09 9.72 -0.69 -1.60 15.33 22.17 -6.42\r\n'
b'0.22 -0.11 0.00 -2.96 -0.70 -8.55 -1.42 23.16 -9.15\r\n'
b'-0.34 -0.04 0.02 9.63 -0.67 -1.53 14.83 21.57 -7.43\r\n'
b'0.27 -0.04 -0.06 -3.05 -0.73 -8.56 -0.92 22.53 -8.62\r\n'
b'-0.09 -0.23 -0.06 9.59 -0.66 -1.59 14.71 21.44 -8.42\r\n'
b'0.33 -0.22 -0.04 -2.91 -0.77 -8.63 -1.32 22.61 -8.84\r\n'
b'-0.57 -0.32 -0.02 9.59 -0.69 -1.59 14.91 22.00 -8.50\r\n'
b'0.45 -0.28 0.04 -2.94 -0.73 -8.60 -1.81 22.60 -8.96\r\n'
b'-0.55 -0.20 -0.05 9.70 -0.69 -1.53 15.03 22.41 -7.61\r\n'
b'0.24 -0.06 -0.02 -3.01 -0.71 -8.62 -1.41 22.26 -8.10\r\n'
b'-0.11 -0.08 -0.18 9.63 -0.70 -1.58 15.60 21.81 -8.50\r\n'
b'0.31 -0.06 0.04 -2.93 -0.85 -8.63 -1.72 21.93 -9.42\r\n'
b'-0.52 0.10 -0.09 9.60 -0.56 -1.56 15.11 21.17 -7.99\r\n'
b'0.41 -0.36 0.23 -2.94 -0.83 -8.65 -1.62 21.02 -8.70\r\n'
b'0.20 0.14 -0.07 9.60 -0.70 -1.60 15.41 20.46 -7.03\r\n'
b'0.27 -0.36 0.09 -3.00 -0.69 -8.60 -2.00 22.33 -8.65\r\n'
b'0.11 -0.04 -0.08 9.60 -0.61 -1.60 14.92 22.29 -8.05\r\n'
b'0.21 -0.38 -0.11 -2.96 -0.66 -8.57 -1.23 22.41 -9.29\r\n'
b'0.04 -0.14 0.00 9.62 -0.60 -1.54 15.41 22.40 -7.93\r\n'
b'0.14 -0.23 -0.25 -2.96 -0.72 -8.55 -1.91 22.51 -8.97\r\n'
b'-0.49 -0.05 -0.02 9.67 -0.67 -1.61 14.52 20.61 -7.80\r\n'
b'0.21 -0.27 -0.16 -3.00 -0.79 -8.52 -1.42 22.14 -8.87\r\n'
b'0.32 -0.04 -0.02 9.62 -0.68 -1.60 15.04 22.80 -7.05\r\n'
b'0.23 -0.17 -0.08 -3.03 -0.70 -8.56 -1.03 22.41 -9.28\r\n'
b'-0.51 -0.07 -0.01 9.58 -0.64 -1.55 14.53 21.73 -8.08\r\n'
b'0.16 -0.05 -0.09 -2.95 -0.71 -8.60 -1.71 21.40 -8.57\r\n'
b'-0.43 -0.02 0.00 9.63 -0.73 -1.55 13.95 22.48 -7.95\r\n'
b'0.80 -0.36 -0.41 -2.93 -0.83 -8.43 -2.09 21.98 -8.01\r\n'
b'-0.24 -0.06 0.02 9.64 -0.66 -1.58 14.24 21.85 -7.32\r\n'
b'1.02 -0.16 -0.79 -2.88 -0.82 -8.18 -1.82 20.63 -8.94\r\n'
b'-0.05 -0.13 -0.05 9.60 -0.66 -1.59 15.11 21.36 -7.87\r\n'
b'0.13 1.17 0.50 -3.22 -0.69 -8.42 -1.32 21.41 -8.46\r\n'
b'0.30 -0.15 -0.05 9.63 -0.79 -1.59 16.07 22.33 -9.77\r\n'
b'0.97 1.17 0.96 -2.84 -0.95 -8.53 -1.52 21.94 -9.09\r\n'
b'-0.13 -0.01 -0.04 9.60 -0.75 -1.62 14.52 21.45 -7.99\r\n'
b'0.41 1.20 0.19 -2.69 -1.18 -8.99 -1.52 21.68 -8.56\r\n'
b'-0.20 -0.17 -0.06 9.58 -0.61 -1.67 16.18 21.82 -8.49\r\n'
b'1.09 0.27 0.13 -2.66 -1.31 -8.98 -0.26 22.77 -10.02\r\n'
b'-0.53 -0.44 -0.15 9.53 -0.55 -1.61 14.80 21.59 -9.39\r\n'
b'0.74 0.20 0.36 -2.66 -0.96 -8.73 -0.83 22.60 -9.27\r\n'
b'-2.88 -0.70 0.55 9.67 -1.26 -1.49 14.92 21.00 -7.56\r\n'
b'0.84 0.09 0.63 -2.74 -0.89 -8.82 -0.56 22.19 -10.37\r\n'
b'-12.05 -0.80 0.71 9.15 0.20 -1.63 15.12 21.85 -7.31\r\n'
b'0.19 0.43 0.59 -2.53 -0.63 -8.81 -0.45 21.21 -8.78\r\n'
b'-3.13 0.77 0.02 9.51 0.53 -2.06 15.72 23.55 -7.33\r\n'
b'-0.40 0.48 0.07 -2.52 -0.82 -8.78 -0.37 21.99 -10.60\r\n'
b'-1.54 0.65 -0.35 9.37 -0.81 -1.78 14.35 23.24 -7.80\r\n'
b'-0.34 0.53 -0.32 -2.55 -0.89 -8.71 -0.36 21.73 -10.06\r\n'
b'-1.57 0.47 0.20 9.86 -0.60 -1.63 16.41 22.44 -6.83\r\n'
b'-0.42 0.43 -0.23 -2.53 -1.03 -8.78 -0.55 22.02 -9.73\r\n'
b'-0.91 0.66 0.33 9.86 -0.68 -1.54 15.13 23.42 -8.00\r\n'
b'-0.17 0.09 -0.23 -2.46 -0.95 -8.76 -1.14 22.47 -10.15\r\n'
b'-0.94 0.39 0.63 9.56 -0.56 -1.58 15.63 23.10 -6.59\r\n'
b'-0.23 0.02 -0.40 -2.49 -1.00 -8.75 0.12 22.56 -10.67\r\n'
b'-1.25 0.13 0.31 9.79 -0.45 -1.62 14.87 23.89 -5.37\r\n'
b'0.21 0.00 -0.25 -2.43 -1.10 -8.72 -0.65 22.12 -9.72\r\n'
b'-0.68 0.09 -0.30 9.70 -0.34 -1.63 16.03 23.86 -6.55\r\n'
b'0.18 -0.12 0.05 -2.32 -0.96 -8.75 -0.45 22.04 -9.18\r\n'
b'-0.18 0.20 -0.55 9.75 -0.43 -1.57 14.85 24.02 -7.11\r\n'
b'0.14 -0.14 0.15 -2.41 -0.78 -8.73 0.06 22.36 -8.29\r\n'
b'0.19 0.27 -0.72 9.60 -0.45 -1.66 15.74 23.22 -5.93\r\n'
b'0.44 -0.07 0.11 -2.46 -0.78 -8.77 0.12 21.82 -10.27\r\n'
b'0.03 0.04 -0.74 9.67 -0.55 -1.59 14.45 23.25 -7.58\r\n'
b'0.20 -0.01 -0.08 -2.25 -0.78 -8.79 -0.05 21.97 -8.74\r\n'
b'-0.03 -0.02 -0.52 9.61 -0.51 -1.59 15.03 22.98 -7.37\r\n'
b'0.16 0.03 0.02 -2.37 -0.82 -8.82 -0.44 21.89 -8.32\r\n'
b'-0.45 0.08 -0.50 9.60 -0.40 -1.63 15.61 23.51 -8.32\r\n'
b'0.20 0.11 0.09 -2.42 -0.89 -8.75 0.24 22.80 -9.25\r\n'
b'-0.12 0.07 -0.32 9.65 -0.58 -1.54 15.65 24.71 -6.42\r\n'
b'0.23 0.02 -0.03 -2.37 -0.90 -8.86 0.43 22.59 -9.69\r\n'
b'-0.59 -0.13 -0.15 9.59 -0.35 -1.45 13.89 24.14 -6.25\r\n'
b'0.30 -0.06 0.09 -2.36 -0.84 -8.82 -0.46 21.64 -10.07\r\n'
b'-0.69 0.09 -0.07 9.59 -0.35 -1.52 15.05 22.55 -6.30\r\n'
b'0.23 -0.13 0.16 -2.37 -0.83 -8.80 0.03 22.03 -9.72\r\n'
b'-0.66 0.02 0.02 9.64 -0.28 -1.58 15.34 23.83 -7.22\r\n'
b'0.11 -0.15 -0.04 -2.28 -0.75 -8.79 -0.36 22.38 -10.14\r\n'
b'-0.44 0.04 -0.09 9.60 -0.27 -1.51 14.75 23.37 -6.81\r\n'
b'0.05 0.04 -0.08 -2.24 -0.57 -8.68 -0.17 21.64 -9.95\r\n'
b'-0.48 0.19 -0.16 9.69 -0.25 -1.52 14.75 23.91 -7.44\r\n'
b'0.63 1.59 -0.83 -2.16 -0.21 -8.19 0.04 22.88 -9.57\r\n'
b'-0.49 0.13 -0.23 9.63 -0.33 -1.55 15.26 24.16 -5.90\r\n'
b'5.21 7.57 -5.27 -1.80 0.81 -5.78 0.32 21.45 -10.17\r\n'
b'-0.47 0.12 -0.10 9.69 -0.34 -1.48 14.37 23.66 -6.59\r\n'
b'-3.04 21.79 -11.57 -1.74 1.02 -4.80 0.68 20.27 -11.63\r\n'
b'-0.48 0.07 -0.03 9.68 -0.29 -1.54 15.24 23.74 -7.12\r\n'
b'2.87 32.23 -14.69 0.31 -0.68 -6.92 3.75 19.98 -15.18\r\n'
b'-0.53 -0.01 -0.14 9.67 -0.27 -1.51 14.97 24.15 -6.01\r\n'
b'-1.60 47.13 -14.07 8.11 -1.77 -7.87 10.01 19.12 -14.36\r\n'
b'-0.55 -0.09 -0.08 9.68 -0.29 -1.47 15.55 24.34 -6.22\r\n'
b'2.14 42.66 -8.04 13.75 -3.42 -3.98 17.55 19.46 -14.22\r\n'
b'-0.25 -0.05 -0.16 9.62 -0.16 -1.45 15.54 23.93 -6.99\r\n'
b'-1.16 25.16 -3.77 11.45 0.56 -2.40 22.19 20.63 -11.49\r\n'
b'-0.36 0.26 -0.81 9.81 -0.18 -1.44 14.55 22.89 -7.16\r\n'
b'4.05 11.23 -1.88 8.92 -1.43 -5.13 24.34 20.00 -11.05\r\n'
b'1.06 0.99 -1.28 10.50 0.24 -1.06 15.07 24.27 -5.36\r\n'
b'0.60 4.05 -1.02 10.25 0.05 -4.63 25.41 20.08 -11.79\r\n'
b'2.54 -1.95 -0.75 9.41 0.23 -1.25 14.96 24.51 -6.54\r\n'
b'0.66 0.28 -0.15 10.37 -0.05 -3.20 26.01 19.65 -10.82\r\n'
b'3.59 -7.48 -0.70 10.45 -0.08 -4.54 14.64 23.89 -8.10\r\n'
b'0.94 -1.14 0.20 10.13 -0.29 -2.03 25.32 20.19 -11.24\r\n'
b'1.12 -5.92 -0.51 9.98 1.05 -4.48 12.57 22.44 -8.63\r\n'
b'-0.98 -0.11 0.53 9.68 -0.15 -1.45 24.82 19.70 -11.70\r\n'
b'8.12 -5.41 -0.23 8.14 -2.30 -1.56 12.33 21.51 -11.07\r\n'
b'-1.17 0.13 0.66 9.75 0.47 -1.53 25.13 20.58 -10.90\r\n'
b'5.34 -0.05 -0.27 7.53 0.70 0.89 11.53 20.82 -11.76\r\n'
b'-0.41 0.15 0.48 9.76 0.21 -1.80 24.82 19.43 -11.50\r\n'
b'6.41 5.66 -1.40 8.20 -0.99 -2.66 12.79 19.87 -12.22\r\n'
b'0.25 -0.22 0.27 9.70 0.14 -1.92 24.54 20.18 -11.36\r\n'
b'-2.34 3.30 -1.48 9.36 -0.29 -3.29 11.92 20.27 -11.56\r\n'
b'0.55 -0.20 0.01 9.85 0.20 -1.83 24.92 19.34 -11.39\r\n'
b'-0.54 0.56 0.09 9.94 -0.33 -2.94 13.10 21.31 -11.50\r\n'
b'-0.31 -0.45 0.00 9.73 -0.07 -1.88 24.95 20.41 -10.26\r\n'
b'0.34 -0.78 0.10 10.16 -1.10 -2.68 12.52 20.11 -10.90\r\n'
b'0.43 -0.52 -0.02 9.64 0.08 -2.18 26.40 19.65 -10.81\r\n'
b'-1.01 -1.00 0.48 9.33 -0.62 -2.12 14.27 20.38 -11.52\r\n'
b'0.34 -0.48 0.02 9.64 -0.11 -1.96 25.41 19.45 -11.16\r\n'
b'-2.05 0.06 0.35 9.32 -0.55 -2.31 14.09 20.43 -10.21\r\n'
b'0.16 -0.36 0.01 9.74 0.03 -1.87 24.93 20.48 -11.13\r\n'
b'0.27 0.00 0.56 9.47 -0.39 -2.26 13.98 19.92 -11.32\r\n'
b'0.15 -0.27 0.02 9.65 -0.04 -1.88 25.11 19.60 -12.03\r\n'
b'-0.18 0.02 0.20 9.53 -0.35 -2.03 13.41 20.42 -10.22\r\n'
b'0.16 -0.36 0.04 9.63 0.01 -1.80 25.14 20.32 -10.26\r\n'
b'-1.09 -0.10 -0.09 9.61 -0.30 -2.40 11.94 20.97 -10.44\r\n'
b'0.24 -0.44 0.14 9.60 -0.11 -1.94 24.63 19.43 -11.50\r\n'
b'-0.43 -0.03 -0.04 9.57 -0.52 -2.16 12.12 21.09 -12.07\r\n'
b'0.03 -0.08 0.01 9.69 -0.10 -1.90 24.14 18.87 -11.21\r\n'
b'-1.05 -0.13 -0.14 9.48 -0.37 -2.46 11.83 20.83 -11.43\r\n'
b'0.38 -0.22 0.05 9.58 -0.12 -2.01 25.52 20.10 -11.24\r\n'
b'-0.11 -0.23 0.00 9.43 -0.66 -2.13 12.90 19.64 -11.03\r\n'
b'0.82 -0.18 0.02 9.73 -0.12 -1.86 25.30 19.40 -12.36\r\n'
b'-0.44 -0.29 -0.05 9.53 -0.44 -2.39 12.33 20.67 -10.88\r\n'
b'0.48 -0.34 0.05 9.65 -0.03 -2.34 25.59 19.87 -12.45\r\n'
b'-0.56 -0.23 -0.02 9.49 -0.44 -2.36 12.52 20.02 -10.69\r\n'
b'1.03 -0.48 0.01 9.60 -0.17 -2.11 24.92 20.62 -12.21\r\n'
b'-0.70 -0.14 -0.07 9.42 -0.42 -2.26 12.23 19.95 -10.15\r\n'
b'0.86 -0.38 -0.14 9.67 0.13 -2.03 25.12 20.00 -11.47\r\n'
b'-0.38 -0.04 -0.05 9.46 -0.60 -2.35 12.92 20.78 -10.65\r\n'
b'0.16 -0.32 -0.16 9.65 -0.07 -1.96 24.35 20.19 -11.04\r\n'
b'-0.21 -0.02 0.04 9.49 -0.56 -2.28 12.41 20.01 -11.13\r\n'
b'0.02 -0.21 -0.02 9.57 -0.20 -1.97 25.32 20.00 -11.47\r\n'
b'-0.38 -0.02 -0.01 9.49 -0.50 -2.46 13.20 20.12 -10.78\r\n'
b'0.25 -0.13 0.13 9.60 -0.28 -1.83 25.00 19.21 -12.48\r\n'
b'-0.03 -0.02 0.00 9.49 -0.45 -2.06 12.53 20.70 -10.23\r\n'
b'-0.07 -0.58 0.18 9.68 -0.03 -2.07 25.04 20.22 -10.48\r\n'
b'-0.65 0.05 -0.14 9.54 -0.35 -2.54 12.02 21.00 -11.96\r\n'
b'1.55 -3.31 0.90 10.11 0.19 -1.87 24.13 20.04 -12.68\r\n'
b'-0.55 0.13 -0.23 9.45 -0.35 -2.34 12.22 20.36 -11.55\r\n'
b'1.43 -9.15 1.91 9.99 -0.58 -3.43 23.45 19.79 -11.72\r\n'
b'0.12 -0.27 -0.20 9.54 -0.30 -2.35 11.75 20.78 -10.24\r\n'
b'2.19 -12.61 2.48 9.41 -0.95 -5.16 22.65 18.89 -12.97\r\n'
b'-0.81 -0.20 -0.11 9.44 -0.36 -2.31 13.40 19.76 -10.25\r\n'
b'-0.53 -12.49 2.66 9.04 -0.89 -5.32 21.06 19.39 -14.39\r\n'
b'-0.63 -0.20 -0.02 9.39 -0.63 -2.37 12.64 21.29 -9.44\r\n'
b'-1.54 -14.44 2.92 9.04 -1.01 -5.39 18.22 19.06 -15.10\r\n'
b'-0.21 -0.03 0.03 9.38 -0.65 -2.10 12.35 20.83 -9.03\r\n'
b'-1.59 -16.29 3.52 7.86 -1.02 -6.19 15.87 19.13 -15.14\r\n'
b'-1.05 0.27 -0.05 9.49 -0.35 -2.16 12.82 20.68 -10.77\r\n'
b'-2.19 -16.54 3.82 7.03 -1.10 -7.03 13.62 19.75 -15.69\r\n'
b'-1.72 1.88 -0.43 9.16 -0.37 -0.67 12.04 20.96 -10.55\r\n'
b'-3.06 -16.19 5.02 5.53 -1.08 -7.81 11.38 19.75 -15.18\r\n'
b'-5.65 2.38 -0.54 9.58 -0.41 -2.47 13.42 21.08 -10.09\r\n'
b'-3.21 -15.65 5.52 4.39 -0.94 -8.18 9.43 20.69 -14.85\r\n'
b'-3.13 0.42 0.24 9.94 -0.17 -3.17 13.44 22.06 -8.96\r\n'
b'-2.19 -14.23 4.66 3.62 -0.85 -8.61 8.37 21.00 -13.87\r\n'
b'-1.71 -1.06 0.14 9.67 -0.17 -2.35 12.16 21.76 -9.32\r\n'
b'-0.11 -13.94 5.31 2.32 -0.93 -8.45 5.85 22.14 -13.10\r\n'
b'-1.81 -0.64 0.23 9.53 -0.75 -1.78 12.65 21.86 -9.09\r\n'
b'-0.48 -12.53 4.05 1.31 -0.58 -8.65 4.57 21.44 -13.80\r\n'
b'-2.84 -0.53 -0.11 9.36 0.28 -2.20 14.03 22.45 -8.82\r\n'
b'-1.27 -10.78 4.09 0.41 -0.36 -8.67 2.84 21.70 -11.64\r\n'
b'-3.12 -0.61 -0.10 9.48 0.25 -2.19 13.55 22.92 -8.70\r\n'
b'0.28 -8.93 3.20 -0.57 -0.16 -8.37 2.58 23.24 -10.39\r\n'
b'-1.13 -0.31 -0.30 9.60 -0.26 -2.45 11.98 22.63 -8.63\r\n'
b'-0.53 -5.96 2.20 -0.80 -0.03 -8.63 1.09 22.55 -11.09\r\n'
b'-1.77 -0.38 -0.51 9.62 0.25 -2.53 13.06 23.47 -8.79\r\n'
b'0.89 -5.64 1.55 -1.16 -0.25 -8.62 1.71 22.82 -9.00\r\n'
b'-1.05 0.25 -0.29 9.49 -0.37 -2.70 13.45 23.19 -9.02\r\n'
b'0.45 -4.90 1.47 -1.26 -0.28 -9.03 0.92 22.78 -9.89\r\n'
b'-0.24 1.15 -0.23 9.38 -0.67 -1.94 14.36 23.74 -7.02\r\n'
b'1.23 -4.86 1.78 -2.11 -0.78 -8.80 0.34 23.45 -9.43\r\n'
b'-5.84 0.53 -0.05 9.64 0.09 -1.91 13.98 24.76 -7.09\r\n'
b'0.24 -4.02 1.16 -3.23 -0.54 -8.41 -0.34 22.89 -9.25\r\n'
b'-2.63 0.30 0.00 9.58 -0.06 -1.89 13.56 24.24 -8.43\r\n'
b'0.14 -2.23 0.32 -3.08 -0.16 -8.04 -0.33 22.73 -8.39\r\n'
b'-2.84 0.73 -0.17 9.73 0.26 -2.02 13.21 25.54 -6.31\r\n'
b'-1.39 0.03 -0.22 -2.57 -0.20 -8.33 -0.95 21.83 -9.74\r\n'
b'-1.75 0.55 -0.16 9.54 0.13 -1.89 13.70 25.54 -6.30\r\n'
b'0.80 0.43 0.09 -2.08 -0.51 -8.75 -0.16 22.86 -10.01\r\n'
b'-1.39 1.34 -0.14 9.54 0.43 -1.50 13.42 25.76 -5.32\r\n'
b'1.07 0.51 0.10 -2.57 -0.66 -8.68 0.23 22.67 -10.23\r\n'
b'-0.90 1.52 -0.42 9.46 0.24 -1.33 13.92 25.68 -5.10\r\n'
b'0.42 0.71 -0.09 -2.68 -0.12 -8.76 0.03 23.12 -10.76\r\n'
b'-0.86 1.72 -0.59 9.60 0.46 -1.28 13.62 25.57 -5.43\r\n'
b'0.20 0.96 -0.04 -2.70 -0.36 -8.71 -0.35 22.96 -9.79\r\n'
b'-0.82 0.77 -0.51 9.86 0.34 -1.98 14.17 25.13 -7.40\r\n'
b'0.61 0.30 -0.34 -2.39 -0.47 -8.89 -0.06 22.86 -10.12\r\n'
